1 30 3 34 1 40 3
1 45 2 62 0 16 1
0 58 2 56 0 34 1
1 56 2 50 1 21 0
1 47 3 46 1 2 1
1 43 0 52 0 47 2
0 63 3 5 1 29 1
1 63 2 32 3 32 2
0 53 3 48 0 50 2
0 53 3 17 0 0 1
0 47 0 24 2 7 1
0 37 2 29 0 40 2
0 8 0 16 1 27 0
0 14 3 20 3 14 1
1 14 2 27 1 34 3
0 42 1 20 3 43 1
1 20 3 15 0 0 0
0 27 0 60 1 63 0
0 14 1 15 0 31 2
0 2 2 6 0 47 2
1 26 3 46 2 59 2
1 59 2 37 2 62 1
0 62 1 44 0 38 0
0 5 2 2 3 4 0
1 51 2 46 2 46 1
0 41 3 7 0 57 0
0 55 1 58 1 62 3
1 36 3 42 2 9 0
1 14 1 37 1 23 3
1 5 0 12 2 11 3
0 4 0 13 0 13 3
1 12 2 51 0 17 1
0 27 1 12 1 62 1
0 22 0 58 3 53 2
0 0 1 28 1 25 1
1 39 1 50 3 31 1
1 49 2 62 0 12 2
1 10 3 31 0 63 1
0 52 3 6 1 57 2
0 18 0 59 1 61 1
0 28 3 16 1 21 2
1 33 0 14 0 19 2
0 18 3 8 3 39 2
0 32 1 54 2 61 1
0 58 2 24 2 49 0
0 7 2 61 0 14 0
0 33 2 33 0 1 1
1 40 0 55 0 41 1
1 38 2 39 0 60 3
0 46 0 26 1 30 0
1 45 0 50 2 30 3
0 31 0 61 0 52 0
0 29 1 11 3 63 2
1 60 2 26 2 26 0
1 56 0 60 1 48 2
0 14 1 54 2 62 0
0 50 0 6 0 10 2
1 9 0 55 1 54 1
1 16 1 14 1 18 3
0 2 1 34 1 59 1
1 57 1 53 3 53 3
1 63 1 15 1 18 2
0 8 3 62 1 28 0
0 46 3 16 1 17 3
0 12 0 1 1 25 2
0 14 1 44 2 63 3
1 17 1 37 1 24 3
0 52 0 20 3 7 1
0 24 0 22 0 36 3
1 61 1 26 3 62 2
1 61 1 48 2 2 2
0 26 1 26 2 41 3
1 49 0 5 1 44 3
0 16 2 23 1 63 1
0 62 3 50 3 56 2
0 58 0 50 0 50 0
1 27 3 20 0 15 2
0 59 1 4 3 40 3
0 39 1 49 1 4 3
1 61 1 43 3 62 1
0 48 1 47 3 37 3
0 52 1 46 0 19 2
1 59 1 20 2 26 1
0 31 0 41 0 45 0
1 43 1 31 3 26 2
1 63 2 63 0 47 1
0 2 3 31 1 44 3
0 7 0 40 2 32 1
0 14 1 21 1 22 1
1 48 3 60 0 21 3
0 5 0 8 3 7 3
1 51 3 37 2 19 1
0 52 2 34 2 3 0
1 25 1 16 1 48 0
1 6 3 29 3 47 1
0 54 1 23 2 40 0
0 59 1 5 3 39 3
1 42 3 45 3 12 1
1 61 2 6 3 17 0
0 1 1 32 3 22 0
1 62 0 6 2 62 3
1 37 2 27 0 18 0
1 30 1 32 3 15 3
0 33 3 44 2 20 1
1 43 1 59 1 57 1
1 55 0 13 1 62 0
1 16 0 0 3 53 1
0 5 0 41 2 19 1
0 39 2 33 2 39 0
0 33 1 31 0 41 0
1 40 0 34 0 4 3
1 58 0 50 3 12 3
1 31 0 45 2 19 2
1 58 3 21 3 8 0
0 50 1 41 2 53 0
0 58 3 58 0 51 0
1 63 3 24 2 55 1
0 10 3 61 1 62 2
0 7 3 20 1 40 2
1 29 2 37 3 57 3
1 44 3 62 3 18 2
1 10 3 45 0 47 3
1 45 1 58 0 4 2
1 44 0 0 2 22 2
1 15 1 45 3 17 3
0 35 2 47 1 29 1
0 12 0 27 2 5 1
0 10 0 28 2 48 0
0 7 2 34 2 8 3
0 25 2 56 0 60 0
0 26 1 44 2 13 3
0 18 1 15 0 1 3
1 49 3 19 0 10 1
1 18 0 33 3 63 1
1 59 1 17 1 6 1
0 19 1 28 2 34 3
0 35 2 21 0 30 1
1 40 2 28 2 35 1
1 34 2 12 1 24 2
1 30 3 47 2 32 3
0 2 3 26 1 13 0
0 43 1 7 3 55 3
1 26 0 50 0 54 3
0 14 1 13 1 56 0
1 25 3 55 3 62 1
1 12 1 59 3 26 2
1 18 1 24 0 5 3
1 59 2 3 2 39 0
1 31 0 22 0 19 1
0 18 2 21 2 32 0
1 51 2 11 1 30 3
1 17 1 25 1 31 0
0 12 2 30 3 49 3
0 59 0 52 2 53 1
1 22 2 28 1 12 0
1 43 3 44 0 1 1
0 32 1 14 0 52 0
1 37 3 15 1 31 3
1 20 0 18 2 35 3
0 47 3 19 2 10 3
1 11 0 41 0 9 3
0 61 3 0 3 38 3
0 5 3 27 1 15 1
1 50 0 55 2 51 2
0 62 1 19 1 13 0
1 23 3 14 0 22 2
1 60 1 59 1 48 2
0 0 0 30 2 32 1
0 20 0 17 2 41 0
1 55 1 17 2 20 3
0 43 1 26 3 10 1
1 59 0 3 3 48 1
1 16 3 2 0 23 3
0 0 3 18 3 24 3
1 45 2 40 0 47 2
1 57 3 40 0 3 0
1 51 1 29 0 4 3
0 27 2 31 0 41 1
1 2 0 25 3 22 1
1 5 3 6 2 26 3
1 58 2 32 0 55 1
1 60 0 34 3 14 1
1 53 1 56 0 1 2
1 20 3 33 2 58 2
0 26 2 26 0 24 2
1 15 3 26 3 55 0
0 5 1 4 2 22 0
1 23 3 28 3 38 1
0 32 3 22 2 57 0
1 17 3 48 0 30 2
1 22 2 45 3 39 1
0 61 2 37 0 57 1
1 31 2 17 0 49 0
0 42 0 9 3 3 1
1 34 3 6 0 9 3
1 48 1 41 1 19 2
1 12 3 1 3 13 2
1 62 2 38 0 19 3
1 22 1 62 0 44 0
0 54 0 4 2 29 1
0 48 0 21 0 11 2
1 25 1 19 3 35 1
0 54 0 35 1 17 2
1 62 2 54 0 30 2
0 59 3 46 3 35 0
1 47 2 15 0 3 2
1 39 3 31 1 3 3
0 21 1 48 3 11 2
1 42 0 33 1 7 0
1 43 0 56 2 46 3
0 50 1 1 1 4 1
0 8 0 33 1 9 1
0 20 3 55 2 23 0
0 30 0 53 1 60 1
1 43 1 5 1 30 3
0 35 0 44 3 12 1
0 21 2 56 1 21 3
0 44 3 12 3 48 1
0 44 2 56 3 35 1
0 2 0 42 1 44 3
0 56 0 24 1 3 0
1 24 3 31 1 6 3
0 54 0 36 3 26 0
0 62 2 47 0 30 1
1 11 0 53 3 21 1
1 24 1 8 0 28 3
1 34 2 5 1 62 2
0 24 2 54 2 32 1
0 63 3 59 2 47 0
1 4 1 30 0 26 2
1 54 1 2 1 31 0
0 29 2 46 2 56 0
0 25 2 35 0 9 2
0 56 3 47 1 12 2
1 39 0 38 1 2 1
0 33 1 40 3 35 2
1 27 3 1 0 5 0
0 14 3 46 2 18 2
1 30 0 29 1 32 3
1 34 0 25 0 29 2
1 0 0 56 0 19 1
0 24 2 29 2 33 3
1 51 1 48 1 21 1
1 54 1 58 0 61 3
0 27 1 31 3 46 3
1 1 1 8 2 47 1
0 16 0 45 3 26 2
0 47 3 43 1 60 1
0 58 1 26 1 14 2
0 60 1 40 2 34 0
0 17 1 24 1 5 2
0 31 0 57 3 15 0
0 12 2 50 2 3 1
1 17 3 11 2 24 3
0 59 3 36 0 56 0
0 62 2 18 1 38 3
0 54 0 33 2 58 3
0 61 0 35 2 39 2
0 0 2 40 3 5 0
1 62 1 53 0 11 0
1 50 3 6 0 3 3
0 61 2 50 2 27 1
1 2 3 37 2 37 2
1 43 2 5 1 35 2
1 47 2 62 1 22 0
1 25 3 51 3 38 1
1 1 2 26 3 61 0
0 35 2 3 2 40 0
1 12 3 28 3 5 2
0 27 3 37 1 10 0
1 51 2 11 1 30 3
1 17 1 25 1 31 0
0 12 2 30 3 49 3
0 59 0 52 2 53 1
1 22 2 28 1 12 0
1 43 3 44 0 1 1
0 32 1 14 0 52 0
1 37 3 15 1 31 3
1 20 0 18 2 35 3
0 47 3 19 2 10 3
1 11 0 41 0 9 3
0 61 3 0 3 38 3
0 5 3 27 1 15 1
1 50 0 55 2 51 2
0 62 1 19 1 13 0
1 23 3 14 0 22 2
1 60 1 59 1 48 2
0 0 0 30 2 32 1
0 20 0 17 2 41 0
1 55 1 17 2 20 3
0 43 1 26 3 10 1
1 59 0 3 3 48 1
1 16 3 2 0 23 3
0 0 3 18 3 24 3
1 45 2 40 0 47 2
1 57 3 40 0 3 0
1 51 1 29 0 4 3
0 27 2 31 0 41 1
1 2 0 25 3 22 1
1 5 3 6 2 26 3
0 48 1 29 1 55 0
1 52 0 59 3 6 2
1 46 3 28 2 10 0
1 15 3 17 3 50 2
0 60 2 44 1 11 1
0 2 1 19 3 57 2
0 63 1 52 2 20 0
0 30 1 30 1 28 3
0 14 2 56 2 52 0
1 0 2 22 2 47 1
1 41 0 8 0 5 0
0 25 0 63 3 21 1
0 49 0 61 3 50 1
0 39 2 1 3 8 3
1 55 1 35 0 57 3
1 62 3 31 3 51 2
0 9 3 50 2 8 3
0 58 1 4 1 63 1
0 7 1 50 2 30 1
1 23 0 40 1 39 3
0 26 2 58 3 33 0
0 41 0 24 0 1 0
1 0 1 14 3 62 0
1 28 1 36 3 21 0
0 60 0 52 2 58 2
0 27 3 24 1 55 0
1 56 0 46 0 45 0
1 44 0 4 0 17 1
0 38 1 4 2 9 1
1 3 3 51 3 2 3
1 51 2 11 1 30 3
1 17 1 25 1 31 0
0 12 2 30 3 49 3
0 59 0 52 2 53 1
1 22 2 28 1 12 0
1 43 3 44 0 1 1
0 32 1 14 0 52 0
1 37 3 15 1 31 3
1 20 0 18 2 35 3
0 47 3 19 2 10 3
1 11 0 41 0 9 3
0 61 3 0 3 38 3
0 5 3 27 1 15 1
1 50 0 55 2 51 2
0 62 1 19 1 13 0
1 23 3 14 0 22 2
1 60 1 59 1 48 2
0 0 0 30 2 32 1
0 20 0 17 2 41 0
1 55 1 17 2 20 3
0 43 1 26 3 10 1
1 59 0 3 3 48 1
1 16 3 2 0 23 3
0 0 3 18 3 24 3
1 45 2 40 0 47 2
1 57 3 40 0 3 0
1 51 1 29 0 4 3
0 27 2 31 0 41 1
1 2 0 25 3 22 1
1 5 3 6 2 26 3
0 57 3 13 1 7 3
1 52 0 40 0 52 1
1 6 2 37 0 11 1
1 21 2 8 0 10 3
1 12 2 27 2 1 0
1 8 0 33 0 28 1
1 16 2 6 2 12 3
1 24 0 18 1 55 2
1 1 1 61 1 27 0
1 28 1 11 0 37 0
0 1 1 61 1 44 3
0 56 2 43 0 3 1
1 58 3 3 3 44 0
0 7 0 28 3 25 3
1 62 3 39 3 8 1
1 52 0 57 1 23 0
1 26 1 59 0 56 2
1 36 2 23 3 22 3
0 48 2 21 2 45 0
0 54 1 63 2 10 0
1 33 0 21 3 61 0
1 53 2 30 1 12 1
0 34 1 18 2 3 3
1 49 3 47 3 5 2
1 15 2 41 0 2 2
1 63 2 58 0 28 0
1 40 1 17 2 54 3
1 58 2 30 3 45 1
0 50 3 35 1 33 0
1 35 2 28 2 24 2
0 52 2 35 0 60 0
1 50 3 4 0 33 2
1 14 3 41 1 42 1
0 11 1 52 2 36 0
0 60 3 38 1 21 1
1 17 1 52 0 20 0
0 53 2 8 3 9 1
0 51 2 7 2 24 3
0 60 3 60 0 50 2
1 8 3 55 1 40 3
1 60 0 14 1 62 2
1 8 3 57 3 6 0
0 30 3 38 2 7 3
0 57 1 60 1 49 3
1 25 2 56 2 2 2
1 1 0 60 1 36 2
0 42 2 62 0 50 1
0 57 0 52 2 13 0
0 62 3 15 0 2 3
0 4 2 53 1 42 2
0 14 0 19 0 30 1
0 16 2 34 1 62 3
0 12 3 48 2 43 3
0 45 2 16 1 20 2
1 63 0 5 1 32 0
0 62 2 6 3 32 1
0 31 0 20 3 7 0
1 50 3 24 3 10 0
1 30 2 8 1 38 1
1 6 2 49 1 16 3
0 48 0 44 3 32 1
0 40 1 48 2 9 0
0 19 0 11 1 31 3
1 5 0 58 0 6 3
1 22 2 37 3 3 1
0 35 2 17 3 24 1
0 33 1 32 0 57 3
1 24 2 52 2 30 2
0 37 1 59 3 60 0
0 63 1 25 2 4 2
0 28 3 20 1 52 0
1 45 3 22 2 29 3
0 59 1 14 0 19 1
0 15 1 30 2 26 3
0 30 1 30 2 12 2
1 0 2 40 2 5 3
0 34 2 24 2 3 2
0 22 3 26 1 24 1
1 50 0 36 1 18 2
1 30 1 3 3 27 3
1 33 2 1 3 52 1
1 56 3 32 2 46 2
0 6 3 39 0 36 3
1 54 2 21 0 3 0
1 30 3 0 3 46 1
1 34 2 36 2 25 0
1 7 3 29 1 50 0
0 22 0 15 0 30 0
1 33 0 20 3 0 1
1 46 2 2 0 49 2
1 10 3 20 2 42 1
1 28 1 37 3 5 1
1 35 1 32 0 22 1
0 22 2 3 0 32 1
0 17 3 63 0 22 3
0 0 0 13 1 58 3
0 63 0 15 3 1 0
1 23 1 43 1 47 2
1 15 3 6 1 31 1
1 53 1 43 2 29 0
1 23 3 35 3 19 2
0 21 2 33 0 7 1
0 54 3 11 2 47 1
1 14 3 36 3 48 3
1 13 3 12 1 51 3
0 6 2 54 3 4 3
0 12 0 34 2 32 1
0 15 3 47 1 22 3
0 6 2 26 3 42 2
0 29 2 52 3 56 2
1 60 2 7 0 38 1
1 6 2 19 1 21 3
0 43 2 19 1 57 1
1 35 3 61 0 41 2
1 33 0 34 2 30 1
0 5 2 49 3 41 1
1 62 0 19 2 30 2
1 23 3 32 2 39 2
0 16 0 30 2 44 0
0 11 2 54 0 60 0
1 37 1 60 0 53 0
0 19 2 41 3 10 2
1 49 0 32 1 56 2
1 36 2 3 3 40 2
1 37 2 27 2 15 3
0 4 3 60 3 30 2
0 40 0 40 1 24 0
0 16 2 14 0 4 1
0 45 3 35 2 45 2
0 60 2 11 0 61 3
0 27 1 26 3 29 2
0 53 2 55 1 16 1
0 21 2 30 2 34 1
0 15 0 48 0 22 3
0 19 3 36 3 48 3
0 14 1 15 3 12 2
1 28 3 3 1 33 1
1 3 2 7 3 34 0
1 56 3 43 0 54 0
1 39 3 45 1 16 0
0 28 2 1 1 13 0
0 47 1 30 2 8 1
1 42 1 36 3 17 0
1 7 0 42 2 47 3
1 63 0 28 0 22 1
1 36 2 63 3 7 1
1 15 3 11 2 32 3
1 49 3 12 1 31 2
1 14 1 11 2 33 3
0 56 0 63 0 38 2
1 46 0 52 1 31 3
1 63 3 20 1 46 0
0 14 2 17 0 36 0
0 5 3 20 1 8 3
1 46 2 8 0 46 1
0 13 0 17 0 43 2
1 26 2 39 0 29 1
0 1 1 47 2 25 3
0 33 3 29 3 41 2
0 23 3 6 0 31 3
0 11 1 46 1 4 1
1 33 2 17 2 36 0
0 61 0 44 2 27 2
1 4 0 25 3 19 3
1 50 3 47 1 52 1
0 56 3 47 1 1 1
1 37 1 36 2 5 0
0 32 2 46 0 10 3
1 29 3 62 0 30 2
1 18 3 48 3 62 3
0 0 0 32 1 34 0
0 39 0 8 0 47 2
0 57 2 44 3 37 2
1 3 0 52 1 36 0
0 34 0 5 2 36 1
0 6 1 16 2 61 0
0 44 3 34 2 13 2
1 50 1 36 1 17 0
0 53 1 43 0 1 0
0 37 1 2 0 62 2
0 59 3 16 0 58 2
0 7 1 11 1 58 3
0 11 3 56 1 4 3
1 5 3 19 3 40 2
1 38 0 49 2 19 1
0 13 3 24 0 52 3
1 46 2 59 2 25 0
1 30 3 20 3 43 3
0 19 1 37 2 38 2
0 57 3 38 3 11 2
1 63 1 41 2 51 0
0 12 0 35 2 48 3
0 27 2 28 2 28 2
0 2 0 4 3 48 2
0 59 0 30 2 9 3
0 60 3 16 1 4 3
1 52 2 1 3 9 2
1 37 0 38 3 56 2
0 40 1 37 3 61 3
0 7 2 6 3 53 3
0 57 2 0 1 53 1
0 62 3 58 3 63 0
0 56 2 44 0 31 1
0 29 0 34 0 30 0
1 20 3 52 1 10 0
1 63 1 55 1 21 1
0 20 1 42 0 28 2
1 59 0 49 0 60 3
0 27 3 36 3 59 0
0 5 0 55 0 1 3
1 51 2 11 1 30 3
1 17 1 25 1 31 0
0 12 2 30 3 49 3
0 59 0 52 2 53 1
1 22 2 28 1 12 0
1 43 3 44 0 1 1
0 32 1 14 0 52 0
1 37 3 15 1 31 3
1 20 0 18 2 35 3
0 47 3 19 2 10 3
1 11 0 41 0 9 3
0 61 3 0 3 38 3
0 5 3 27 1 15 1
1 50 0 55 2 51 2
0 62 1 19 1 13 0
1 23 3 14 0 22 2
1 60 1 59 1 48 2
0 0 0 30 2 32 1
0 20 0 17 2 41 0
1 55 1 17 2 20 3
0 43 1 26 3 10 1
1 59 0 3 3 48 1
1 16 3 2 0 23 3
0 0 3 18 3 24 3
1 45 2 40 0 47 2
1 57 3 40 0 3 0
1 51 1 29 0 4 3
0 27 2 31 0 41 1
1 2 0 25 3 22 1
1 5 3 6 2 26 3
1 22 0 33 3 50 3
1 14 1 36 1 9 1
0 6 0 30 1 36 2
0 31 2 12 0 38 0
0 40 3 41 2 19 2
1 5 1 33 3 54 1
1 0 3 63 2 3 1
1 39 0 55 2 58 3
0 33 3 18 1 58 3
1 14 1 49 3 26 2
1 17 3 4 1 50 3
1 54 0 62 1 0 1
0 59 0 14 0 0 1
1 58 0 44 0 34 1
0 60 3 3 1 7 3
0 57 2 53 3 42 3
1 43 0 49 2 33 3
0 33 0 39 3 61 3
0 31 1 0 3 32 3
1 39 2 7 1 20 1
0 62 0 29 1 25 2
1 58 2 17 3 46 0
0 43 0 26 2 61 2
0 29 1 15 1 39 2
0 59 3 54 2 4 0
1 29 2 51 3 48 0
0 31 1 40 2 9 3
1 6 1 59 3 59 2
0 34 0 14 2 52 1
0 56 1 59 1 59 2
1 51 2 11 1 30 3
1 17 1 25 1 31 0
0 12 2 30 3 49 3
0 59 0 52 2 53 1
1 22 2 28 1 12 0
1 43 3 44 0 1 1
0 32 1 14 0 52 0
1 37 3 15 1 31 3
1 20 0 18 2 35 3
0 47 3 19 2 10 3
1 11 0 41 0 9 3
0 61 3 0 3 38 3
0 5 3 27 1 15 1
1 50 0 55 2 51 2
0 62 1 19 1 13 0
1 23 3 14 0 22 2
1 60 1 59 1 48 2
0 0 0 30 2 32 1
0 20 0 17 2 41 0
1 55 1 17 2 20 3
0 43 1 26 3 10 1
1 59 0 3 3 48 1
1 16 3 2 0 23 3
0 0 3 18 3 24 3
1 45 2 40 0 47 2
1 57 3 40 0 3 0
1 51 1 29 0 4 3
0 27 2 31 0 41 1
1 2 0 25 3 22 1
1 5 3 6 2 26 3
0 44 3 30 3 48 2
1 57 1 42 3 39 1
0 34 3 11 0 16 1
0 4 2 58 0 55 2
1 51 0 61 3 23 3
0 7 1 63 0 43 2
1 18 3 34 0 63 1
0 15 2 27 3 37 1
1 28 3 32 3 48 1
0 7 0 24 3 25 0
1 4 2 15 2 17 1
0 16 2 3 3 36 2
0 9 3 1 2 63 1
1 47 2 36 2 54 0
1 16 0 21 0 22 0
1 40 1 53 0 51 0
0 23 2 10 1 10 0
1 9 1 60 0 44 0
0 34 1 52 2 49 1
1 8 1 50 0 2 3
0 53 0 0 0 54 3
1 0 3 52 1 4 1
1 48 1 48 3 46 0
1 32 1 12 0 26 2
0 28 2 0 1 6 1
1 60 0 11 1 35 3
0 39 0 8 0 2 0
1 48 0 48 0 9 1
0 35 3 16 3 33 1
0 39 2 45 0 30 0
1 1 0 39 0 40 3
0 42 3 43 3 3 0
1 12 1 36 3 20 0
0 54 1 62 1 23 0
1 53 0 34 2 28 2
1 5 1 31 3 33 3
0 36 3 54 1 0 2
0 20 2 15 2 20 1
0 43 1 41 1 30 0
1 58 2 54 3 15 2
1 48 1 57 1 8 3
0 8 1 38 0 24 1
1 44 3 15 3 60 0
0 26 0 16 1 26 2
0 42 0 3 2 61 1
1 5 0 53 1 54 0
0 14 1 17 2 20 0
1 17 0 10 3 29 2
0 55 0 21 1 61 0
0 58 1 43 0 2 1
1 56 1 55 2 14 0
0 35 0 17 0 1 3
1 30 1 32 1 22 1
1 19 1 51 1 35 2
1 37 3 27 1 60 2
1 11 3 35 2 3 0
0 4 0 1 2 5 1
0 27 2 47 2 36 2
0 7 0 9 0 0 0
1 60 3 44 3 18 3
1 21 3 23 2 19 1
0 25 2 52 0 17 3
1 53 1 31 0 6 0
0 6 1 49 2 4 1
0 22 0 63 3 47 3
1 3 0 2 0 42 2
0 59 2 51 0 31 2
0 37 3 20 3 8 1
0 12 2 56 2 14 3
1 62 2 19 1 62 1
1 41 3 45 0 37 1
1 5 3 1 2 46 2
0 54 3 4 2 62 0
0 12 3 50 2 2 1
1 0 2 40 1 37 2
0 11 3 35 0 42 0
0 25 2 16 3 22 0
0 20 0 54 0 4 0
1 6 1 54 2 7 3
0 45 1 62 0 44 1
0 22 1 2 3 0 3
1 22 3 17 2 56 3
0 60 0 53 2 29 0
0 37 3 56 2 0 2
0 44 3 18 2 29 0
0 29 3 49 3 15 2
1 7 1 39 3 57 1
1 23 1 13 0 20 2
0 20 0 24 0 20 2
0 49 2 52 2 38 1
1 53 3 30 0 49 1
1 42 2 4 1 43 1
1 63 3 11 3 20 3
1 40 1 22 1 12 2
1 50 0 40 3 23 2
1 8 3 34 3 46 2
0 25 3 50 1 15 1
0 35 1 0 3 46 2
0 58 0 11 0 16 3
1 40 1 54 0 4 0
1 50 2 24 0 54 2
1 5 3 17 0 40 1
1 23 3 23 1 8 2
0 24 1 17 0 14 0
1 18 0 20 1 31 0
1 21 2 54 2 62 3
0 38 1 53 1 0 0
1 8 2 13 1 3 2
1 17 2 18 3 7 3
0 38 3 57 3 10 3
1 8 3 23 2 16 0
0 16 0 59 1 6 0
0 9 2 27 2 13 2
1 20 1 38 2 40 3
1 50 3 10 2 6 1
1 22 1 21 2 5 0
1 11 0 57 0 62 1
0 11 3 43 3 24 1
1 0 1 14 3 0 0
1 6 1 22 0 38 3
0 43 3 2 2 19 3
0 18 0 56 1 19 0
1 43 1 22 0 38 1
1 38 1 12 0 55 3
0 29 2 11 1 10 1
1 29 0 10 3 25 2
1 44 2 10 0 28 0
0 2 1 35 1 3 3
1 58 2 30 3 33 1
0 43 2 32 0 62 2
0 23 0 5 0 19 3
0 47 3 32 1 53 3
0 56 2 48 2 5 2
1 38 3 42 1 45 2
1 43 0 17 3 32 2
1 51 1 35 2 21 3
0 10 2 46 2 56 2
0 61 0 61 3 35 3
0 16 1 14 0 37 3
1 6 2 6 1 27 1
0 48 0 48 2 50 2
0 42 1 48 0 41 2
1 13 1 0 1 7 2
1 44 1 24 2 35 2
0 63 3 8 3 51 0
0 37 2 38 0 19 3
0 61 1 3 2 26 3
1 33 1 1 2 63 1
0 34 0 44 1 63 0
1 51 0 59 0 3 1
1 51 2 11 1 30 3
1 17 1 25 1 31 0
0 12 2 30 3 49 3
0 59 0 52 2 53 1
1 22 2 28 1 12 0
1 43 3 44 0 1 1
0 32 1 14 0 52 0
1 37 3 15 1 31 3
1 20 0 18 2 35 3
0 47 3 19 2 10 3
1 11 0 41 0 9 3
0 61 3 0 3 38 3
0 5 3 27 1 15 1
1 50 0 55 2 51 2
0 62 1 19 1 13 0
1 23 3 14 0 22 2
1 60 1 59 1 48 2
0 0 0 30 2 32 1
0 20 0 17 2 41 0
1 55 1 17 2 20 3
0 43 1 26 3 10 1
1 59 0 3 3 48 1
1 16 3 2 0 23 3
0 0 3 18 3 24 3
1 45 2 40 0 47 2
1 57 3 40 0 3 0
1 51 1 29 0 4 3
0 27 2 31 0 41 1
1 2 0 25 3 22 1
1 5 3 6 2 26 3
0 22 0 32 3 61 0
1 24 3 5 1 57 2
1 56 3 8 2 23 0
0 23 1 13 2 21 0
0 24 1 11 3 34 3
0 31 3 32 3 55 1
1 48 3 56 0 10 0
0 34 1 62 1 30 3
1 51 3 37 0 61 0
1 31 0 61 2 43 1
0 34 2 39 2 45 3
0 56 0 61 2 21 3
1 51 3 22 2 26 3
0 23 0 45 2 8 3
1 51 0 43 2 11 2
0 56 1 35 0 17 0
0 38 3 29 1 34 3
0 61 3 50 0 27 0
1 35 3 0 2 19 3
0 30 1 21 3 46 0
1 0 0 18 2 51 3
0 22 3 0 3 18 2
1 45 2 50 0 29 2
0 49 1 19 3 26 0
0 9 0 46 1 56 0
1 43 3 47 1 18 3
0 36 2 60 1 52 2
1 18 1 8 3 62 3
0 25 3 57 2 35 3
1 27 3 26 2 22 2
1 51 2 11 1 30 3
1 17 1 25 1 31 0
0 12 2 30 3 49 3
0 59 0 52 2 53 1
1 22 2 28 1 12 0
1 43 3 44 0 1 1
0 32 1 14 0 52 0
1 37 3 15 1 31 3
1 20 0 18 2 35 3
0 47 3 19 2 10 3
1 11 0 41 0 9 3
0 61 3 0 3 38 3
0 5 3 27 1 15 1
1 50 0 55 2 51 2
0 62 1 19 1 13 0
1 23 3 14 0 22 2
1 60 1 59 1 48 2
0 0 0 30 2 32 1
0 20 0 17 2 41 0
1 55 1 17 2 20 3
0 43 1 26 3 10 1
1 59 0 3 3 48 1
1 16 3 2 0 23 3
0 0 3 18 3 24 3
1 45 2 40 0 47 2
1 57 3 40 0 3 0
1 51 1 29 0 4 3
0 27 2 31 0 41 1
1 2 0 25 3 22 1
1 5 3 6 2 26 3
0 41 1 28 1 27 0
1 16 3 0 2 40 0
1 38 3 55 3 38 0
1 9 3 12 0 62 3
1 21 1 51 2 42 3
1 6 0 42 2 47 3
0 23 3 29 1 23 0
1 61 1 30 3 28 3
1 27 2 22 0 3 1
0 45 1 57 3 1 0
1 48 3 1 3 2 2
0 25 3 1 3 56 0
0 20 3 9 3 29 0
1 32 1 13 1 2 3
1 3 3 10 3 58 0
0 60 2 63 2 29 0
1 21 0 11 2 43 0
1 8 0 57 0 30 2
0 32 1 55 0 56 1
1 50 1 18 3 56 1
1 21 1 50 3 50 1
1 29 1 46 2 6 3
0 36 2 4 0 59 3
0 52 1 0 2 10 2
1 2 3 26 0 52 0
1 38 1 24 0 27 2
0 33 2 56 1 28 1
1 23 0 50 3 53 2
0 0 0 7 2 39 2
0 27 2 29 2 56 1
0 19 0 48 0 42 0
1 6 1 2 1 30 0
1 19 2 27 3 42 2
0 17 0 48 1 51 2
1 43 3 53 2 63 1
0 41 1 43 3 51 1
1 17 2 54 0 8 1
0 51 3 14 0 56 2
1 43 0 32 2 16 1
0 15 2 6 1 8 1
0 59 2 53 0 0 3
0 9 0 40 0 48 2
0 40 1 50 3 1 2
1 17 0 61 1 34 3
0 42 0 2 1 18 0
1 19 3 34 0 32 2
0 16 1 24 0 54 2
1 55 1 52 1 5 1
0 39 0 4 2 40 2
1 58 2 41 1 34 3
1 2 1 1 2 22 2
0 12 0 21 0 1 1
1 6 2 55 2 46 3
0 22 1 55 0 0 0
0 34 3 7 0 1 1
0 23 3 0 0 7 1
0 9 2 53 3 24 0
1 6 3 61 0 40 1
0 40 1 10 2 1 2
0 2 3 36 1 62 0
1 51 2 11 1 30 3
1 17 1 25 1 31 0
0 12 2 30 3 49 3
0 59 0 52 2 53 1
1 22 2 28 1 12 0
1 43 3 44 0 1 1
0 32 1 14 0 52 0
1 37 3 15 1 31 3
1 20 0 18 2 35 3
0 47 3 19 2 10 3
1 11 0 41 0 9 3
0 61 3 0 3 38 3
0 5 3 27 1 15 1
1 50 0 55 2 51 2
0 62 1 19 1 13 0
1 23 3 14 0 22 2
1 60 1 59 1 48 2
0 0 0 30 2 32 1
0 20 0 17 2 41 0
1 55 1 17 2 20 3
0 43 1 26 3 10 1
1 59 0 3 3 48 1
1 16 3 2 0 23 3
0 0 3 18 3 24 3
1 45 2 40 0 47 2
1 57 3 40 0 3 0
1 51 1 29 0 4 3
0 27 2 31 0 41 1
1 2 0 25 3 22 1
-1 5 3 6 2 26 3
