1 58 1 23 2 64 2
0 1 0 71 2 14 1
0 20 1 62 1 74 3
1 33 3 94 3 22 0
0 37 1 35 3 66 2
1 82 0 37 3 52 0
0 18 1 42 3 98 0
0 73 3 23 2 46 2
0 20 2 14 1 31 2
0 97 0 98 3 37 3
1 78 1 67 2 36 1
1 27 3 98 2 41 2
1 13 2 75 1 83 0
1 84 0 6 1 82 1
0 26 1 63 0 55 3
1 43 0 74 2 95 0
0 36 3 39 1 37 2
1 21 2 78 1 54 0
0 36 1 64 2 7 0
1 14 3 46 1 63 0
1 78 1 67 2 36 1
1 27 3 98 2 41 2
1 13 2 75 1 83 0
1 84 0 6 1 82 1
0 26 1 63 0 55 3
1 43 0 74 2 95 0
0 36 3 39 1 37 2
1 21 2 78 1 54 0
0 36 1 64 2 7 0
1 14 3 46 1 63 0
1 78 1 67 2 36 1
1 27 3 98 2 41 2
1 13 2 75 1 83 0
1 84 0 6 1 82 1
0 26 1 63 0 55 3
1 43 0 74 2 95 0
0 36 3 39 1 37 2
1 21 2 78 1 54 0
0 36 1 64 2 7 0
1 14 3 46 1 63 0
1 78 1 67 2 36 1
1 27 3 98 2 41 2
1 13 2 75 1 83 0
1 84 0 6 1 82 1
0 26 1 63 0 55 3
1 43 0 74 2 95 0
0 36 3 39 1 37 2
1 21 2 78 1 54 0
0 36 1 64 2 7 0
1 14 3 46 1 63 0
1 78 1 67 2 36 1
1 27 3 98 2 41 2
1 13 2 75 1 83 0
1 84 0 6 1 82 1
0 26 1 63 0 55 3
1 43 0 74 2 95 0
0 36 3 39 1 37 2
1 21 2 78 1 54 0
0 36 1 64 2 7 0
1 14 3 46 1 63 0
1 78 1 67 2 36 1
1 27 3 98 2 41 2
1 13 2 75 1 83 0
1 84 0 6 1 82 1
0 26 1 63 0 55 3
1 43 0 74 2 95 0
0 36 3 39 1 37 2
1 21 2 78 1 54 0
0 36 1 64 2 7 0
1 14 3 46 1 63 0
1 41 0 77 0 9 3
1 60 3 3 1 67 2
1 65 0 49 2 11 0
1 42 2 52 0 30 2
1 19 1 90 1 85 3
1 47 2 28 3 22 3
0 89 1 35 2 6 1
0 17 1 40 3 71 0
1 1 2 79 1 31 1
0 69 1 59 0 31 3
1 53 2 15 2 27 2
1 33 3 93 2 92 1
0 63 1 69 1 71 0
0 55 2 76 0 11 3
0 94 2 15 0 92 2
0 19 0 43 1 76 1
1 20 2 25 0 0 3
1 23 3 95 2 17 3
0 28 2 98 3 80 1
1 72 3 69 3 36 1
0 64 2 60 0 76 1
0 28 0 25 0 80 0
0 97 3 89 2 49 3
1 81 1 28 1 56 1
1 92 2 97 0 68 1
1 97 3 13 1 27 3
1 59 3 64 1 3 1
1 4 0 92 2 1 0
1 58 1 40 2 36 2
1 56 3 4 1 94 1
1 78 1 67 2 36 1
1 27 3 98 2 41 2
1 13 2 75 1 83 0
1 84 0 6 1 82 1
0 26 1 63 0 55 3
1 43 0 74 2 95 0
0 36 3 39 1 37 2
1 21 2 78 1 54 0
0 36 1 64 2 7 0
1 14 3 46 1 63 0
1 78 1 67 2 36 1
1 27 3 98 2 41 2
1 13 2 75 1 83 0
1 84 0 6 1 82 1
0 26 1 63 0 55 3
1 43 0 74 2 95 0
0 36 3 39 1 37 2
1 21 2 78 1 54 0
0 36 1 64 2 7 0
1 14 3 46 1 63 0
1 78 1 67 2 36 1
1 27 3 98 2 41 2
1 13 2 75 1 83 0
1 84 0 6 1 82 1
0 26 1 63 0 55 3
1 43 0 74 2 95 0
0 36 3 39 1 37 2
1 21 2 78 1 54 0
0 36 1 64 2 7 0
1 14 3 46 1 63 0
1 74 0 60 1 68 0
0 23 1 29 3 26 1
1 27 1 9 1 67 1
0 55 3 51 3 39 3
1 33 0 48 3 33 0
1 53 1 35 0 66 1
1 92 2 25 0 36 2
1 55 3 49 2 79 0
1 70 3 42 3 84 2
1 17 3 8 2 88 3
0 54 0 5 3 3 2
1 91 0 28 2 8 2
0 87 2 81 1 42 0
0 26 2 79 3 69 3
1 57 3 15 0 47 0
1 50 3 82 1 23 2
1 83 0 99 2 27 1
1 21 1 48 3 75 3
0 97 3 11 2 54 2
0 53 2 33 0 53 3
1 78 1 67 2 36 1
1 27 3 98 2 41 2
1 13 2 75 1 83 0
1 84 0 6 1 82 1
0 26 1 63 0 55 3
1 43 0 74 2 95 0
0 36 3 39 1 37 2
1 21 2 78 1 54 0
0 36 1 64 2 7 0
1 14 3 46 1 63 0
1 29 2 89 0 26 0
1 53 1 18 2 82 2
1 58 2 19 3 17 2
1 23 0 32 0 59 1
0 64 1 82 1 15 3
0 41 3 97 3 37 3
1 19 2 99 1 84 2
0 53 1 50 0 13 2
0 72 3 89 1 36 3
0 3 2 44 1 61 1
0 50 1 17 2 47 0
1 83 3 40 0 44 2
0 57 0 72 2 79 1
1 68 0 5 3 82 2
0 96 3 12 2 4 2
0 51 2 20 2 93 0
0 37 2 90 3 30 3
1 61 0 0 1 61 1
1 95 3 69 3 99 2
0 3 0 6 3 18 2
1 12 2 20 1 92 2
0 74 1 77 0 54 1
1 67 3 66 2 42 0
0 41 2 96 1 38 2
0 8 1 53 0 71 1
0 64 0 22 2 65 0
0 71 1 92 2 16 2
1 59 2 11 0 20 3
1 10 1 57 3 46 3
1 18 0 17 2 76 0
1 78 1 67 2 36 1
1 27 3 98 2 41 2
1 13 2 75 1 83 0
1 84 0 6 1 82 1
0 26 1 63 0 55 3
1 43 0 74 2 95 0
0 36 3 39 1 37 2
1 21 2 78 1 54 0
0 36 1 64 2 7 0
1 14 3 46 1 63 0
0 94 0 3 1 73 3
0 42 1 13 1 56 0
1 28 3 7 3 48 0
0 47 3 53 1 68 3
1 96 3 79 2 7 2
0 32 1 68 2 35 1
1 91 1 33 3 44 0
0 44 0 24 3 40 2
0 60 1 63 0 16 3
1 75 1 11 3 55 3
0 90 0 61 1 73 2
0 17 2 19 1 99 3
1 91 1 17 3 78 1
1 46 0 10 1 53 1
1 8 0 15 2 68 0
1 41 3 92 2 65 3
0 16 2 33 3 32 2
0 10 3 70 1 63 0
0 17 2 59 1 10 2
0 79 3 15 0 30 3
1 95 2 11 0 29 0
1 61 2 86 3 82 0
0 45 0 11 2 46 2
0 9 1 72 0 52 3
0 82 3 47 1 17 2
1 46 2 69 3 1 3
1 35 3 15 0 7 2
1 54 1 39 3 50 3
1 54 2 67 0 49 3
1 67 1 15 1 80 0
1 78 1 67 2 36 1
1 27 3 98 2 41 2
1 13 2 75 1 83 0
1 84 0 6 1 82 1
0 26 1 63 0 55 3
1 43 0 74 2 95 0
0 36 3 39 1 37 2
1 21 2 78 1 54 0
0 36 1 64 2 7 0
1 14 3 46 1 63 0
1 78 1 67 2 36 1
1 27 3 98 2 41 2
1 13 2 75 1 83 0
1 84 0 6 1 82 1
0 26 1 63 0 55 3
1 43 0 74 2 95 0
0 36 3 39 1 37 2
1 21 2 78 1 54 0
0 36 1 64 2 7 0
1 14 3 46 1 63 0
1 33 3 60 0 10 3
0 17 2 99 3 55 2
0 5 1 41 3 56 1
1 5 0 68 0 5 3
0 37 3 67 2 66 3
0 76 2 43 2 8 2
1 63 1 56 0 90 1
1 46 2 82 0 90 3
0 96 2 70 1 58 1
0 76 0 46 1 71 1
1 31 0 16 3 21 0
1 11 2 51 2 36 1
0 79 0 42 3 23 1
0 33 2 16 1 71 3
0 94 0 13 1 40 2
0 13 2 92 1 32 3
1 21 0 1 0 17 3
1 92 0 39 1 15 0
0 38 3 53 0 79 2
1 72 0 34 1 7 2
1 78 1 67 2 36 1
1 27 3 98 2 41 2
1 13 2 75 1 83 0
1 84 0 6 1 82 1
0 26 1 63 0 55 3
1 43 0 74 2 95 0
0 36 3 39 1 37 2
1 21 2 78 1 54 0
0 36 1 64 2 7 0
1 14 3 46 1 63 0
0 91 1 49 0 53 2
0 22 2 43 2 58 3
1 25 3 82 3 66 3
1 45 1 61 1 6 3
1 65 1 17 0 50 3
1 3 1 37 2 15 1
0 26 0 36 3 11 2
1 29 1 66 2 10 3
0 16 2 99 1 99 0
0 49 3 63 1 53 0
1 20 1 27 2 5 3
0 16 1 65 1 90 3
0 1 3 16 1 85 3
1 37 3 45 2 19 0
1 24 0 78 0 46 2
1 51 1 93 0 59 2
1 49 1 41 2 4 1
0 90 0 79 3 8 0
1 79 0 61 3 44 3
1 42 1 42 2 23 3
0 82 1 35 3 39 1
0 43 2 62 1 63 1
0 71 1 78 2 49 3
1 45 2 4 0 80 3
0 3 2 0 1 80 3
0 19 0 58 2 3 0
0 66 1 12 1 30 2
1 31 1 48 1 60 0
1 92 3 51 3 86 3
0 66 2 56 1 7 3
1 78 1 67 2 36 1
1 27 3 98 2 41 2
1 13 2 75 1 83 0
1 84 0 6 1 82 1
0 26 1 63 0 55 3
1 43 0 74 2 95 0
0 36 3 39 1 37 2
1 21 2 78 1 54 0
0 36 1 64 2 7 0
1 14 3 46 1 63 0
1 78 1 67 2 36 1
1 27 3 98 2 41 2
1 13 2 75 1 83 0
1 84 0 6 1 82 1
0 26 1 63 0 55 3
1 43 0 74 2 95 0
0 36 3 39 1 37 2
1 21 2 78 1 54 0
0 36 1 64 2 7 0
1 14 3 46 1 63 0
1 62 3 3 0 5 0
1 87 2 12 3 88 0
0 48 0 17 0 16 0
1 2 3 23 0 13 3
1 72 2 12 2 38 0
0 95 0 87 2 90 3
1 78 3 53 2 80 2
0 96 2 57 2 13 0
0 79 0 31 3 10 3
0 0 3 8 3 95 0
0 86 3 83 0 15 1
1 95 3 65 3 2 3
1 67 3 15 2 71 2
0 34 1 92 2 5 0
0 0 0 12 2 0 3
1 67 0 50 2 0 3
1 54 2 50 1 98 1
0 21 3 22 3 56 2
0 61 2 24 2 15 0
0 67 3 59 2 76 1
0 28 1 53 2 67 3
1 17 0 75 3 83 1
0 39 3 88 1 30 0
1 97 0 71 0 40 3
0 68 0 98 0 17 3
0 37 2 85 2 78 1
1 13 2 92 0 26 0
1 8 1 24 1 49 0
1 41 3 71 1 71 1
1 41 0 35 2 30 1
0 60 2 82 1 48 2
1 26 2 83 2 7 3
1 57 3 12 2 38 3
0 10 0 17 3 76 1
1 58 2 17 2 64 3
1 64 1 69 3 88 0
1 95 3 21 0 23 1
1 61 1 67 3 73 0
0 50 1 55 0 19 1
1 35 0 70 0 54 3
1 42 3 24 1 59 1
0 82 3 1 3 52 0
1 25 0 93 3 94 1
0 65 2 67 1 2 1
1 56 1 96 2 72 0
0 83 2 86 1 1 3
1 53 3 80 2 59 1
0 5 2 98 3 52 1
0 55 2 25 3 83 1
0 8 1 6 3 63 0
1 16 3 22 1 38 2
0 49 3 10 3 54 0
0 6 1 2 1 79 3
1 63 0 43 3 45 1
0 61 1 71 1 80 1
1 18 3 51 3 27 1
0 81 1 56 3 98 2
1 77 1 82 0 37 1
1 35 2 78 0 27 1
1 7 3 24 1 94 3
0 21 0 23 2 61 3
0 59 2 51 1 27 1
1 17 2 93 0 44 3
0 71 0 77 2 19 2
1 66 1 51 3 18 2
0 79 2 44 3 0 3
0 27 0 9 0 46 2
0 90 1 0 1 2 2
1 73 0 46 3 9 1
1 27 0 77 3 38 1
1 78 1 67 2 36 1
1 27 3 98 2 41 2
1 13 2 75 1 83 0
1 84 0 6 1 82 1
0 26 1 63 0 55 3
1 43 0 74 2 95 0
0 36 3 39 1 37 2
1 21 2 78 1 54 0
0 36 1 64 2 7 0
1 14 3 46 1 63 0
0 38 0 30 1 0 3
0 98 2 62 0 23 3
1 25 1 44 3 73 2
0 34 3 21 2 71 2
1 61 3 75 3 91 1
1 91 0 31 1 42 1
1 18 0 34 3 53 2
0 78 0 89 1 16 2
1 39 1 4 1 84 3
0 76 0 69 3 84 0
1 79 2 46 1 10 1
0 64 3 43 2 36 0
1 52 2 38 3 59 2
0 44 1 97 0 13 2
1 50 3 56 1 73 3
0 83 0 26 3 51 1
0 87 1 53 3 0 0
1 59 2 79 3 16 0
1 81 3 75 3 70 3
0 43 2 46 2 26 1
1 78 1 67 2 36 1
1 27 3 98 2 41 2
1 13 2 75 1 83 0
1 84 0 6 1 82 1
0 26 1 63 0 55 3
1 43 0 74 2 95 0
0 36 3 39 1 37 2
1 21 2 78 1 54 0
0 36 1 64 2 7 0
1 14 3 46 1 63 0
1 78 1 67 2 36 1
1 27 3 98 2 41 2
1 13 2 75 1 83 0
1 84 0 6 1 82 1
0 26 1 63 0 55 3
1 43 0 74 2 95 0
0 36 3 39 1 37 2
1 21 2 78 1 54 0
0 36 1 64 2 7 0
1 14 3 46 1 63 0
0 78 2 72 1 48 1
1 0 1 96 3 12 3
1 80 0 46 1 3 1
1 25 1 9 0 95 0
0 22 1 76 0 75 0
1 75 2 26 3 99 2
1 63 2 6 3 6 0
1 61 2 2 2 35 3
0 30 3 4 0 0 1
0 28 1 70 3 59 0
1 78 1 67 2 36 1
1 27 3 98 2 41 2
1 13 2 75 1 83 0
1 84 0 6 1 82 1
0 26 1 63 0 55 3
1 43 0 74 2 95 0
0 36 3 39 1 37 2
1 21 2 78 1 54 0
0 36 1 64 2 7 0
1 14 3 46 1 63 0
1 11 3 70 2 21 0
0 27 0 27 0 62 1
0 97 0 32 0 64 0
0 16 1 37 0 51 3
0 62 3 83 1 26 1
0 99 1 22 2 69 1
0 32 2 44 1 26 0
1 42 1 46 3 38 3
1 41 2 59 0 97 2
1 76 3 29 3 36 3
0 58 0 72 2 38 1
1 17 1 37 3 66 3
0 57 2 30 2 8 1
0 57 0 32 1 87 1
1 24 1 15 2 21 3
0 60 0 99 1 6 0
0 24 3 11 1 37 1
0 97 2 34 3 18 2
0 58 0 1 2 97 0
0 18 0 92 2 64 3
1 22 0 48 3 51 3
0 41 0 12 2 86 3
1 57 1 38 3 45 3
1 94 0 17 1 68 1
1 84 0 55 3 36 3
0 40 2 38 1 70 3
1 56 2 17 1 15 3
0 13 2 81 3 58 2
0 26 3 20 3 68 3
0 56 2 28 0 48 2
1 78 1 67 2 36 1
1 27 3 98 2 41 2
1 13 2 75 1 83 0
1 84 0 6 1 82 1
0 26 1 63 0 55 3
1 43 0 74 2 95 0
0 36 3 39 1 37 2
1 21 2 78 1 54 0
0 36 1 64 2 7 0
1 14 3 46 1 63 0
1 18 1 49 2 23 2
0 91 1 72 0 71 2
1 30 0 36 0 16 0
1 36 3 93 0 65 1
1 13 0 18 3 13 3
1 89 1 49 0 58 2
0 82 0 47 0 84 3
0 52 3 96 0 74 1
1 91 3 22 0 7 0
1 72 0 45 1 97 2
1 56 0 25 2 0 1
0 37 0 26 1 4 2
0 30 0 15 2 79 1
0 86 1 66 2 93 3
0 91 1 13 3 82 3
1 34 0 43 3 28 1
1 32 0 47 3 60 2
1 39 3 63 1 36 1
1 30 0 11 1 54 1
0 36 0 9 2 36 0
0 16 1 11 1 69 2
0 81 0 1 0 27 0
1 63 2 41 1 90 0
0 96 1 38 0 49 3
1 37 3 53 2 29 0
1 50 2 71 0 2 0
0 81 0 58 0 38 3
0 81 3 60 1 85 3
0 34 2 69 0 6 2
0 87 2 37 1 20 0
1 78 1 67 2 36 1
1 27 3 98 2 41 2
1 13 2 75 1 83 0
1 84 0 6 1 82 1
0 26 1 63 0 55 3
1 43 0 74 2 95 0
0 36 3 39 1 37 2
1 21 2 78 1 54 0
0 36 1 64 2 7 0
1 14 3 46 1 63 0
1 78 1 67 2 36 1
1 27 3 98 2 41 2
1 13 2 75 1 83 0
1 84 0 6 1 82 1
0 26 1 63 0 55 3
1 43 0 74 2 95 0
0 36 3 39 1 37 2
1 21 2 78 1 54 0
0 36 1 64 2 7 0
1 14 3 46 1 63 0
1 78 1 67 2 36 1
1 27 3 98 2 41 2
1 13 2 75 1 83 0
1 84 0 6 1 82 1
0 26 1 63 0 55 3
1 43 0 74 2 95 0
0 36 3 39 1 37 2
1 21 2 78 1 54 0
0 36 1 64 2 7 0
1 14 3 46 1 63 0
1 78 1 67 2 36 1
1 27 3 98 2 41 2
1 13 2 75 1 83 0
1 84 0 6 1 82 1
0 26 1 63 0 55 3
1 43 0 74 2 95 0
0 36 3 39 1 37 2
1 21 2 78 1 54 0
0 36 1 64 2 7 0
1 14 3 46 1 63 0
1 22 0 30 3 76 0
1 67 3 45 0 94 2
1 79 1 91 2 59 0
0 65 2 72 0 28 1
0 48 1 15 2 57 1
1 85 1 33 0 80 2
0 75 0 34 2 45 1
0 5 2 66 2 24 2
1 5 3 17 1 24 0
0 33 2 9 3 71 2
1 52 1 80 3 61 2
1 7 3 62 0 29 0
0 6 3 13 3 74 2
0 51 3 48 0 1 2
1 24 0 83 0 77 3
1 39 1 45 2 24 3
0 6 3 0 0 14 2
1 89 0 43 0 15 0
0 68 2 36 1 6 3
1 36 2 81 3 19 2
1 78 1 67 2 36 1
1 27 3 98 2 41 2
1 13 2 75 1 83 0
1 84 0 6 1 82 1
0 26 1 63 0 55 3
1 43 0 74 2 95 0
0 36 3 39 1 37 2
1 21 2 78 1 54 0
0 36 1 64 2 7 0
1 14 3 46 1 63 0
1 78 1 67 2 36 1
1 27 3 98 2 41 2
1 13 2 75 1 83 0
1 84 0 6 1 82 1
0 26 1 63 0 55 3
1 43 0 74 2 95 0
0 36 3 39 1 37 2
1 21 2 78 1 54 0
0 36 1 64 2 7 0
1 14 3 46 1 63 0
1 78 1 67 2 36 1
1 27 3 98 2 41 2
1 13 2 75 1 83 0
1 84 0 6 1 82 1
0 26 1 63 0 55 3
1 43 0 74 2 95 0
0 36 3 39 1 37 2
1 21 2 78 1 54 0
0 36 1 64 2 7 0
1 14 3 46 1 63 0
1 95 1 39 1 28 3
1 43 1 92 0 6 0
0 73 0 56 2 86 0
1 92 3 8 0 53 1
1 24 3 80 0 56 3
1 37 3 91 0 24 3
0 30 3 44 0 55 0
0 41 1 85 2 64 1
0 70 3 70 2 2 2
0 11 2 92 0 93 3
1 78 1 67 2 36 1
1 27 3 98 2 41 2
1 13 2 75 1 83 0
1 84 0 6 1 82 1
0 26 1 63 0 55 3
1 43 0 74 2 95 0
0 36 3 39 1 37 2
1 21 2 78 1 54 0
0 36 1 64 2 7 0
1 14 3 46 1 63 0
0 17 2 96 0 94 0
0 49 0 54 3 93 3
1 58 0 91 0 71 1
0 26 0 93 1 46 1
1 39 0 65 0 94 1
0 88 1 12 2 53 2
1 47 1 10 1 46 1
1 69 3 59 3 39 0
0 85 1 69 0 65 2
0 60 3 89 0 8 1
1 78 1 67 2 36 1
1 27 3 98 2 41 2
1 13 2 75 1 83 0
1 84 0 6 1 82 1
0 26 1 63 0 55 3
1 43 0 74 2 95 0
0 36 3 39 1 37 2
1 21 2 78 1 54 0
0 36 1 64 2 7 0
1 14 3 46 1 63 0
1 78 1 67 2 36 1
1 27 3 98 2 41 2
1 13 2 75 1 83 0
1 84 0 6 1 82 1
0 26 1 63 0 55 3
1 43 0 74 2 95 0
0 36 3 39 1 37 2
1 21 2 78 1 54 0
0 36 1 64 2 7 0
1 14 3 46 1 63 0
0 62 0 23 1 33 1
0 79 3 3 1 10 2
0 49 3 81 2 60 2
0 78 1 94 2 44 3
0 5 1 81 3 61 0
0 94 2 98 2 85 1
1 95 3 23 0 38 0
0 99 3 44 1 52 2
1 48 2 57 1 63 2
0 24 3 52 2 93 2
0 78 3 23 1 23 3
1 61 3 55 0 18 3
1 22 1 60 3 67 2
0 82 0 97 2 11 1
1 4 0 73 2 59 1
1 34 0 32 0 3 3
0 74 2 6 0 84 2
1 3 0 44 2 1 1
0 12 2 21 1 50 3
1 62 0 59 0 92 3
0 47 3 61 1 73 3
0 9 1 89 1 74 1
1 75 2 43 3 25 1
0 27 0 56 1 60 3
0 4 2 38 3 93 3
1 67 2 47 0 4 0
1 78 2 40 1 0 0
0 25 1 97 1 17 1
0 29 0 84 1 82 3
0 76 2 13 3 45 0
1 78 1 67 2 36 1
1 27 3 98 2 41 2
1 13 2 75 1 83 0
1 84 0 6 1 82 1
0 26 1 63 0 55 3
1 43 0 74 2 95 0
0 36 3 39 1 37 2
1 21 2 78 1 54 0
0 36 1 64 2 7 0
1 14 3 46 1 63 0
1 78 1 67 2 36 1
1 27 3 98 2 41 2
1 13 2 75 1 83 0
1 84 0 6 1 82 1
0 26 1 63 0 55 3
1 43 0 74 2 95 0
0 36 3 39 1 37 2
1 21 2 78 1 54 0
0 36 1 64 2 7 0
1 14 3 46 1 63 0
1 78 1 67 2 36 1
1 27 3 98 2 41 2
1 13 2 75 1 83 0
1 84 0 6 1 82 1
0 26 1 63 0 55 3
1 43 0 74 2 95 0
0 36 3 39 1 37 2
1 21 2 78 1 54 0
0 36 1 64 2 7 0
1 14 3 46 1 63 0
1 49 1 65 3 71 1
0 71 1 72 1 46 1
0 63 2 96 0 98 1
1 33 0 66 1 34 3
0 79 0 31 0 93 0
1 64 2 39 3 99 0
0 46 1 86 1 12 3
0 62 0 35 3 28 1
0 62 1 12 2 29 0
0 22 0 30 2 50 1
1 50 1 10 0 23 0
1 87 3 67 1 51 3
1 79 0 53 2 45 2
0 74 2 10 0 58 0
0 61 2 12 3 51 2
1 74 2 72 1 54 0
1 5 3 8 1 55 1
1 1 3 67 3 45 1
0 56 2 14 1 40 2
0 91 0 91 2 23 3
1 78 1 67 2 36 1
1 27 3 98 2 41 2
1 13 2 75 1 83 0
1 84 0 6 1 82 1
0 26 1 63 0 55 3
1 43 0 74 2 95 0
0 36 3 39 1 37 2
1 21 2 78 1 54 0
0 36 1 64 2 7 0
1 14 3 46 1 63 0
1 78 1 67 2 36 1
1 27 3 98 2 41 2
1 13 2 75 1 83 0
1 84 0 6 1 82 1
0 26 1 63 0 55 3
1 43 0 74 2 95 0
0 36 3 39 1 37 2
1 21 2 78 1 54 0
0 36 1 64 2 7 0
1 14 3 46 1 63 0
1 78 1 67 2 36 1
1 27 3 98 2 41 2
1 13 2 75 1 83 0
1 84 0 6 1 82 1
0 26 1 63 0 55 3
1 43 0 74 2 95 0
0 36 3 39 1 37 2
1 21 2 78 1 54 0
0 36 1 64 2 7 0
1 14 3 46 1 63 0
1 78 1 67 2 36 1
1 27 3 98 2 41 2
1 13 2 75 1 83 0
1 84 0 6 1 82 1
0 26 1 63 0 55 3
1 43 0 74 2 95 0
0 36 3 39 1 37 2
1 21 2 78 1 54 0
0 36 1 64 2 7 0
1 14 3 46 1 63 0
1 78 1 67 2 36 1
1 27 3 98 2 41 2
1 13 2 75 1 83 0
1 84 0 6 1 82 1
0 26 1 63 0 55 3
1 43 0 74 2 95 0
0 36 3 39 1 37 2
1 21 2 78 1 54 0
0 36 1 64 2 7 0
1 14 3 46 1 63 0
1 78 1 67 2 36 1
1 27 3 98 2 41 2
1 13 2 75 1 83 0
1 84 0 6 1 82 1
0 26 1 63 0 55 3
1 43 0 74 2 95 0
0 36 3 39 1 37 2
1 21 2 78 1 54 0
0 36 1 64 2 7 0
1 14 3 46 1 63 0
1 78 1 67 2 36 1
1 27 3 98 2 41 2
1 13 2 75 1 83 0
1 84 0 6 1 82 1
0 26 1 63 0 55 3
1 43 0 74 2 95 0
0 36 3 39 1 37 2
1 21 2 78 1 54 0
0 36 1 64 2 7 0
1 14 3 46 1 63 0
1 77 3 42 2 2 2
1 10 0 98 3 47 1
0 45 3 70 1 73 1
0 13 3 50 0 68 1
0 91 0 6 0 12 0
0 66 3 70 0 71 0
1 70 2 34 3 89 0
0 14 1 90 3 9 0
1 77 1 14 0 90 0
0 2 0 38 0 27 0
1 98 1 40 1 71 2
0 12 3 61 2 76 3
1 37 0 96 2 77 2
0 67 2 70 1 55 1
0 82 1 91 1 50 3
0 73 2 94 1 97 3
1 25 3 24 3 3 1
1 80 3 12 0 66 2
1 21 3 15 3 65 2
0 67 2 90 1 4 1
0 1 0 46 2 51 2
1 54 3 19 3 79 3
1 97 1 12 2 65 0
1 30 2 10 1 76 0
0 32 1 69 1 34 3
0 37 1 1 0 85 0
1 16 3 22 1 77 2
1 42 2 56 0 49 2
1 77 3 64 2 12 1
1 98 0 55 0 41 1
0 78 1 63 2 41 1
1 70 3 42 0 34 3
0 83 1 61 0 44 1
0 57 2 66 3 62 1
1 56 2 75 2 68 2
1 9 3 44 3 47 3
1 81 2 83 0 11 0
0 56 2 99 1 32 1
0 47 2 68 3 73 3
1 41 2 74 2 61 3
1 78 1 67 2 36 1
1 27 3 98 2 41 2
1 13 2 75 1 83 0
1 84 0 6 1 82 1
0 26 1 63 0 55 3
1 43 0 74 2 95 0
0 36 3 39 1 37 2
1 21 2 78 1 54 0
0 36 1 64 2 7 0
1 14 3 46 1 63 0
1 78 1 67 2 36 1
1 27 3 98 2 41 2
1 13 2 75 1 83 0
1 84 0 6 1 82 1
0 26 1 63 0 55 3
1 43 0 74 2 95 0
0 36 3 39 1 37 2
1 21 2 78 1 54 0
0 36 1 64 2 7 0
1 14 3 46 1 63 0
1 8 2 28 1 0 3
1 11 3 34 3 81 1
0 14 2 57 1 40 1
0 13 0 9 2 58 0
0 20 3 41 0 17 1
0 17 0 79 0 92 1
0 73 2 84 3 48 1
0 89 2 20 2 95 2
1 5 2 69 1 77 3
0 46 0 28 3 17 3
1 61 1 47 2 71 0
0 72 1 78 1 0 3
1 47 1 28 0 55 2
0 32 1 36 2 45 0
1 14 3 92 3 48 0
0 72 0 88 0 1 2
1 53 1 76 0 6 1
1 61 3 83 1 16 3
1 13 3 72 0 14 1
1 15 1 17 3 81 1
1 78 1 67 2 36 1
1 27 3 98 2 41 2
1 13 2 75 1 83 0
1 84 0 6 1 82 1
0 26 1 63 0 55 3
1 43 0 74 2 95 0
0 36 3 39 1 37 2
1 21 2 78 1 54 0
0 36 1 64 2 7 0
1 14 3 46 1 63 0
1 78 1 67 2 36 1
1 27 3 98 2 41 2
1 13 2 75 1 83 0
1 84 0 6 1 82 1
0 26 1 63 0 55 3
1 43 0 74 2 95 0
0 36 3 39 1 37 2
1 21 2 78 1 54 0
0 36 1 64 2 7 0
1 14 3 46 1 63 0
1 78 1 67 2 36 1
1 27 3 98 2 41 2
1 13 2 75 1 83 0
1 84 0 6 1 82 1
0 26 1 63 0 55 3
1 43 0 74 2 95 0
0 36 3 39 1 37 2
1 21 2 78 1 54 0
0 36 1 64 2 7 0
1 14 3 46 1 63 0
1 78 1 67 2 36 1
1 27 3 98 2 41 2
1 13 2 75 1 83 0
1 84 0 6 1 82 1
0 26 1 63 0 55 3
1 43 0 74 2 95 0
0 36 3 39 1 37 2
1 21 2 78 1 54 0
0 36 1 64 2 7 0
1 14 3 46 1 63 0
1 34 0 92 0 49 0
0 8 1 45 1 80 0
1 96 3 46 2 90 3
0 57 0 45 0 45 3
1 26 0 94 0 0 2
0 2 2 93 2 80 2
1 60 3 54 1 22 1
1 65 0 13 2 60 2
0 5 1 5 3 98 3
1 50 1 96 0 91 1
1 78 1 67 2 36 1
1 27 3 98 2 41 2
1 13 2 75 1 83 0
1 84 0 6 1 82 1
0 26 1 63 0 55 3
1 43 0 74 2 95 0
0 36 3 39 1 37 2
1 21 2 78 1 54 0
0 36 1 64 2 7 0
1 14 3 46 1 63 0
1 78 1 67 2 36 1
1 27 3 98 2 41 2
1 13 2 75 1 83 0
1 84 0 6 1 82 1
0 26 1 63 0 55 3
1 43 0 74 2 95 0
0 36 3 39 1 37 2
1 21 2 78 1 54 0
0 36 1 64 2 7 0
1 14 3 46 1 63 0
0 71 3 54 0 50 0
1 73 1 64 2 33 1
0 93 3 58 2 13 3
1 63 2 29 1 51 1
0 94 2 40 2 97 2
0 48 3 91 1 64 3
1 98 0 27 3 71 1
0 36 0 79 3 18 0
1 21 1 91 3 3 3
1 53 2 35 1 33 2
1 78 1 67 2 36 1
1 27 3 98 2 41 2
1 13 2 75 1 83 0
1 84 0 6 1 82 1
0 26 1 63 0 55 3
1 43 0 74 2 95 0
0 36 3 39 1 37 2
1 21 2 78 1 54 0
0 36 1 64 2 7 0
-1 14 3 46 1 63 0
