0 37 1 43 0 12 2
0 44 1 39 3 49 2
1 10 3 4 3 11 3
0 39 2 33 1 12 3
1 49 1 13 0 49 2
0 58 0 12 1 33 2
0 7 0 10 3 24 0
1 1 0 4 2 37 0
0 46 0 43 3 50 2
1 30 3 57 2 49 1
1 26 0 60 1 48 2
1 32 0 14 2 33 0
0 63 3 27 1 63 1
0 6 2 46 0 44 0
0 59 1 53 2 27 2
0 54 3 16 3 55 3
1 54 0 19 2 41 1
1 3 2 35 3 8 0
1 61 3 12 1 15 2
0 27 2 14 0 47 0
1 61 0 57 1 13 2
0 39 2 15 1 60 2
0 31 2 4 2 61 2
0 14 3 28 3 23 0
1 6 1 38 1 5 3
1 27 3 26 1 29 0
0 17 2 51 2 33 3
0 46 0 57 2 5 2
0 51 0 60 1 16 0
0 4 3 32 3 62 0
0 37 1 43 0 12 2
0 44 1 39 3 49 2
1 10 3 4 3 11 3
0 39 2 33 1 12 3
1 49 1 13 0 49 2
0 58 0 12 1 33 2
0 7 0 10 3 24 0
1 1 0 4 2 37 0
0 46 0 43 3 50 2
1 30 3 57 2 49 1
0 3 0 54 2 9 3
1 58 1 43 2 13 1
1 8 2 41 2 0 0
1 24 0 40 3 7 3
0 53 0 20 0 37 1
1 7 3 26 0 3 2
0 16 1 60 1 37 3
0 60 1 36 0 21 0
0 58 1 49 2 16 0
1 1 3 47 1 52 0
1 13 1 40 1 56 3
0 33 0 42 2 20 2
0 13 1 54 2 30 3
1 36 3 47 1 33 0
1 35 1 22 3 10 0
0 31 2 51 3 26 3
1 24 1 63 3 38 3
1 60 0 19 3 60 0
1 7 3 48 0 45 1
1 17 0 19 2 5 2
1 2 3 5 2 17 0
0 27 0 43 1 39 3
0 36 2 43 3 35 1
0 50 3 58 1 22 3
0 57 1 12 1 36 0
0 26 2 52 1 42 3
0 14 3 20 3 6 1
1 55 2 41 0 13 1
0 1 0 16 1 10 1
1 18 0 53 2 52 3
1 42 1 30 3 55 0
1 46 2 55 2 8 1
0 59 2 44 2 37 1
1 27 0 33 3 21 3
1 29 2 43 3 11 0
0 22 2 5 3 24 1
0 57 1 10 2 22 0
0 6 2 41 0 58 0
1 52 2 24 1 51 2
0 63 0 63 2 35 3
1 1 1 17 3 11 2
1 23 1 32 0 41 0
0 20 2 14 1 42 1
0 36 0 21 2 0 2
1 31 3 12 2 8 2
0 6 3 20 3 62 2
0 34 1 6 2 36 2
1 7 3 58 3 15 0
1 48 2 23 0 57 1
0 54 1 42 1 38 2
0 53 1 28 2 53 0
1 12 2 27 2 23 2
0 44 2 15 0 55 2
1 54 3 57 1 27 3
1 59 0 23 0 63 2
1 26 3 35 0 37 1
0 52 3 58 0 24 1
0 55 0 43 2 32 1
0 42 0 55 3 32 1
1 46 0 46 2 34 2
0 28 0 53 0 60 2
1 14 2 17 3 62 2
1 40 2 1 1 27 3
1 1 3 11 2 53 0
0 58 0 28 0 20 1
0 44 1 5 2 62 3
1 59 3 7 1 5 3
0 29 1 54 0 26 0
0 47 0 63 2 54 0
1 27 1 5 3 41 0
1 53 0 58 1 51 3
1 58 3 21 1 2 1
0 53 3 3 0 31 0
1 58 1 12 2 61 3
0 27 2 52 0 34 0
0 30 2 50 3 44 1
0 41 2 21 3 7 3
0 59 1 52 2 50 0
0 21 3 1 3 39 0
0 52 1 57 1 3 3
1 27 0 23 3 43 1
1 28 3 10 3 45 2
0 26 0 46 1 24 1
0 45 0 51 2 56 2
0 20 0 4 0 22 1
0 36 1 49 2 2 0
0 28 0 21 0 57 1
0 22 2 3 3 34 2
1 39 3 37 1 50 2
0 31 1 59 2 48 3
0 50 2 39 2 43 1
1 57 0 32 2 20 1
1 59 1 57 0 14 2
1 28 2 4 2 25 3
0 4 1 58 1 18 2
1 55 0 19 3 62 1
1 23 3 32 2 47 2
0 37 2 16 2 0 1
0 60 2 21 3 6 1
0 37 0 50 2 8 0
0 46 3 9 0 27 3
0 63 0 38 3 7 0
1 43 3 58 0 61 2
1 37 1 29 2 43 3
0 45 3 29 2 36 1
1 36 0 45 3 40 2
0 58 2 51 1 55 3
0 7 1 56 0 17 3
1 3 3 43 3 50 2
1 62 0 7 3 51 0
0 37 1 43 0 12 2
0 44 1 39 3 49 2
1 10 3 4 3 11 3
0 39 2 33 1 12 3
1 49 1 13 0 49 2
0 58 0 12 1 33 2
0 7 0 10 3 24 0
1 1 0 4 2 37 0
0 46 0 43 3 50 2
1 30 3 57 2 49 1
0 37 1 43 0 12 2
0 44 1 39 3 49 2
1 10 3 4 3 11 3
0 39 2 33 1 12 3
1 49 1 13 0 49 2
0 58 0 12 1 33 2
0 7 0 10 3 24 0
1 1 0 4 2 37 0
0 46 0 43 3 50 2
1 30 3 57 2 49 1
0 18 1 32 0 41 2
0 33 0 41 0 46 0
1 48 1 21 1 20 1
0 38 1 45 2 8 3
1 13 1 63 1 45 2
0 43 2 19 2 32 0
1 17 2 58 2 8 3
1 28 2 10 3 22 1
0 30 0 60 0 42 1
0 30 1 18 1 4 3
0 43 2 37 2 9 1
0 8 0 27 2 20 1
1 62 3 59 3 63 1
0 15 1 56 0 25 0
0 53 3 54 3 24 3
1 50 3 6 0 62 3
1 24 3 36 3 54 0
1 8 3 9 2 26 0
1 42 2 15 2 14 1
0 62 3 56 3 19 0
0 37 1 43 0 12 2
0 44 1 39 3 49 2
1 10 3 4 3 11 3
0 39 2 33 1 12 3
1 49 1 13 0 49 2
0 58 0 12 1 33 2
0 7 0 10 3 24 0
1 1 0 4 2 37 0
0 46 0 43 3 50 2
1 30 3 57 2 49 1
0 37 1 43 0 12 2
0 44 1 39 3 49 2
1 10 3 4 3 11 3
0 39 2 33 1 12 3
1 49 1 13 0 49 2
0 58 0 12 1 33 2
0 7 0 10 3 24 0
1 1 0 4 2 37 0
0 46 0 43 3 50 2
1 30 3 57 2 49 1
0 37 1 43 0 12 2
0 44 1 39 3 49 2
1 10 3 4 3 11 3
0 39 2 33 1 12 3
1 49 1 13 0 49 2
0 58 0 12 1 33 2
0 7 0 10 3 24 0
1 1 0 4 2 37 0
0 46 0 43 3 50 2
1 30 3 57 2 49 1
0 37 1 43 0 12 2
0 44 1 39 3 49 2
1 10 3 4 3 11 3
0 39 2 33 1 12 3
1 49 1 13 0 49 2
0 58 0 12 1 33 2
0 7 0 10 3 24 0
1 1 0 4 2 37 0
0 46 0 43 3 50 2
1 30 3 57 2 49 1
0 55 3 46 1 39 2
1 38 3 51 0 23 1
0 15 2 2 0 32 3
1 42 2 4 3 14 0
1 47 2 47 3 42 2
1 57 1 17 0 20 2
0 2 2 57 1 51 2
1 11 1 58 3 34 0
1 9 2 34 0 0 3
1 24 3 32 3 37 0
1 4 1 37 2 34 0
1 6 1 6 3 58 2
1 50 1 58 3 4 0
0 3 0 2 1 9 0
1 8 3 43 2 14 3
0 11 0 10 3 48 2
0 38 3 38 0 14 1
0 62 0 50 0 5 2
0 60 3 11 1 37 3
1 24 3 60 3 13 3
0 37 1 43 0 12 2
0 44 1 39 3 49 2
1 10 3 4 3 11 3
0 39 2 33 1 12 3
1 49 1 13 0 49 2
0 58 0 12 1 33 2
0 7 0 10 3 24 0
1 1 0 4 2 37 0
0 46 0 43 3 50 2
1 30 3 57 2 49 1
1 25 1 37 3 40 0
0 43 2 8 3 3 1
1 23 3 18 1 54 1
0 44 2 3 0 2 2
0 38 0 12 3 53 3
1 40 1 47 1 43 2
1 35 3 3 1 51 3
1 9 2 15 3 37 2
1 59 0 21 1 30 3
0 42 3 35 3 2 1
0 37 1 43 0 12 2
0 44 1 39 3 49 2
1 10 3 4 3 11 3
0 39 2 33 1 12 3
1 49 1 13 0 49 2
0 58 0 12 1 33 2
0 7 0 10 3 24 0
1 1 0 4 2 37 0
0 46 0 43 3 50 2
1 30 3 57 2 49 1
0 12 1 2 2 7 0
0 46 1 56 1 47 0
1 4 1 42 0 62 1
0 25 2 47 2 1 3
1 42 3 1 1 27 0
0 20 0 24 3 52 1
1 23 2 49 0 16 0
1 45 1 39 0 55 0
0 12 3 45 1 36 1
1 41 1 44 2 35 2
1 32 2 26 2 23 0
1 8 3 34 0 34 0
0 5 0 27 2 47 0
0 10 0 40 0 63 3
1 14 1 40 3 14 1
1 20 2 59 0 11 1
1 58 2 47 1 46 3
1 5 3 25 0 29 2
0 61 0 60 0 18 3
0 30 2 9 2 33 2
0 37 1 43 0 12 2
0 44 1 39 3 49 2
1 10 3 4 3 11 3
0 39 2 33 1 12 3
1 49 1 13 0 49 2
0 58 0 12 1 33 2
0 7 0 10 3 24 0
1 1 0 4 2 37 0
0 46 0 43 3 50 2
1 30 3 57 2 49 1
0 37 1 43 0 12 2
0 44 1 39 3 49 2
1 10 3 4 3 11 3
0 39 2 33 1 12 3
1 49 1 13 0 49 2
0 58 0 12 1 33 2
0 7 0 10 3 24 0
1 1 0 4 2 37 0
0 46 0 43 3 50 2
1 30 3 57 2 49 1
0 37 1 43 0 12 2
0 44 1 39 3 49 2
1 10 3 4 3 11 3
0 39 2 33 1 12 3
1 49 1 13 0 49 2
0 58 0 12 1 33 2
0 7 0 10 3 24 0
1 1 0 4 2 37 0
0 46 0 43 3 50 2
1 30 3 57 2 49 1
1 44 3 14 2 5 2
0 14 0 0 0 32 1
1 37 2 39 1 12 0
1 52 2 29 1 24 2
0 4 2 5 0 16 3
0 1 2 44 2 51 2
1 2 0 49 0 35 1
1 61 3 58 1 2 2
0 29 3 56 0 55 2
1 24 2 24 1 6 3
1 5 3 37 1 33 2
0 23 0 26 1 44 1
0 21 0 15 0 53 1
1 46 0 5 0 11 2
0 59 2 32 3 36 0
1 53 1 31 1 61 2
1 22 0 29 0 37 0
1 53 2 26 2 50 3
0 60 0 26 1 8 1
0 57 0 24 1 12 3
0 34 2 19 1 14 1
1 51 0 58 0 34 3
0 23 2 51 2 19 2
1 15 1 54 0 0 3
0 29 0 37 2 48 3
0 3 0 37 0 57 2
0 60 3 1 1 33 3
1 11 0 14 0 44 0
0 31 0 59 0 15 3
0 10 3 19 3 7 0
0 37 1 43 0 12 2
0 44 1 39 3 49 2
1 10 3 4 3 11 3
0 39 2 33 1 12 3
1 49 1 13 0 49 2
0 58 0 12 1 33 2
0 7 0 10 3 24 0
1 1 0 4 2 37 0
0 46 0 43 3 50 2
1 30 3 57 2 49 1
0 37 1 43 0 12 2
0 44 1 39 3 49 2
1 10 3 4 3 11 3
0 39 2 33 1 12 3
1 49 1 13 0 49 2
0 58 0 12 1 33 2
0 7 0 10 3 24 0
1 1 0 4 2 37 0
0 46 0 43 3 50 2
1 30 3 57 2 49 1
0 37 1 43 0 12 2
0 44 1 39 3 49 2
1 10 3 4 3 11 3
0 39 2 33 1 12 3
1 49 1 13 0 49 2
0 58 0 12 1 33 2
0 7 0 10 3 24 0
1 1 0 4 2 37 0
0 46 0 43 3 50 2
1 30 3 57 2 49 1
0 42 2 24 0 17 3
1 4 0 16 0 43 3
0 58 2 27 2 62 2
1 55 0 13 1 7 0
0 26 1 27 3 47 2
0 50 1 8 2 58 0
1 9 3 20 0 48 1
0 0 1 13 2 31 3
0 42 1 3 0 35 1
1 5 3 20 0 20 2
0 58 2 45 2 59 2
1 25 0 23 1 24 3
1 14 2 45 2 25 0
1 6 2 38 1 18 2
1 28 0 15 0 46 0
1 54 3 25 0 32 2
0 52 0 41 3 50 1
1 51 1 59 1 3 3
1 44 1 48 1 21 1
0 4 3 0 2 63 1
1 55 1 63 2 43 3
0 21 2 28 1 9 1
0 28 0 2 2 9 3
1 36 1 28 1 24 0
1 7 1 4 0 12 0
1 37 1 20 3 54 2
0 37 2 27 1 61 0
1 41 1 54 2 34 0
0 22 0 30 0 20 0
1 32 3 49 1 37 1
0 15 3 38 1 6 1
0 19 0 47 2 38 0
1 5 2 19 1 35 3
0 39 2 63 3 28 1
0 62 1 9 3 43 2
0 11 0 27 2 58 0
1 16 0 25 0 39 2
0 27 0 2 3 33 2
1 63 3 24 0 45 2
0 32 2 30 2 61 2
0 37 1 43 0 12 2
0 44 1 39 3 49 2
1 10 3 4 3 11 3
0 39 2 33 1 12 3
1 49 1 13 0 49 2
0 58 0 12 1 33 2
0 7 0 10 3 24 0
1 1 0 4 2 37 0
0 46 0 43 3 50 2
1 30 3 57 2 49 1
1 55 1 25 3 11 1
0 56 1 52 0 27 1
1 19 1 58 1 24 1
0 2 3 7 2 21 1
1 46 3 5 1 29 2
0 48 1 63 3 44 1
1 58 0 26 0 11 3
0 62 3 43 1 38 0
0 7 0 28 2 62 1
0 9 0 59 1 12 0
0 37 1 43 0 12 2
0 44 1 39 3 49 2
1 10 3 4 3 11 3
0 39 2 33 1 12 3
1 49 1 13 0 49 2
0 58 0 12 1 33 2
0 7 0 10 3 24 0
1 1 0 4 2 37 0
0 46 0 43 3 50 2
1 30 3 57 2 49 1
0 37 1 43 0 12 2
0 44 1 39 3 49 2
1 10 3 4 3 11 3
0 39 2 33 1 12 3
1 49 1 13 0 49 2
0 58 0 12 1 33 2
0 7 0 10 3 24 0
1 1 0 4 2 37 0
0 46 0 43 3 50 2
1 30 3 57 2 49 1
0 37 1 43 0 12 2
0 44 1 39 3 49 2
1 10 3 4 3 11 3
0 39 2 33 1 12 3
1 49 1 13 0 49 2
0 58 0 12 1 33 2
0 7 0 10 3 24 0
1 1 0 4 2 37 0
0 46 0 43 3 50 2
1 30 3 57 2 49 1
0 37 1 43 0 12 2
0 44 1 39 3 49 2
1 10 3 4 3 11 3
0 39 2 33 1 12 3
1 49 1 13 0 49 2
0 58 0 12 1 33 2
0 7 0 10 3 24 0
1 1 0 4 2 37 0
0 46 0 43 3 50 2
1 30 3 57 2 49 1
0 37 1 43 0 12 2
0 44 1 39 3 49 2
1 10 3 4 3 11 3
0 39 2 33 1 12 3
1 49 1 13 0 49 2
0 58 0 12 1 33 2
0 7 0 10 3 24 0
1 1 0 4 2 37 0
0 46 0 43 3 50 2
1 30 3 57 2 49 1
1 3 0 17 0 4 3
0 59 3 4 2 21 0
0 31 0 59 1 16 2
0 58 3 42 0 40 0
1 20 0 18 0 47 1
0 51 1 10 1 61 0
1 6 1 38 0 26 0
0 3 3 51 0 60 3
0 53 1 21 0 47 3
1 52 0 18 1 48 1
1 50 3 22 0 63 1
1 12 0 29 0 45 1
1 33 2 8 1 46 1
0 24 1 37 3 49 1
1 38 0 5 2 32 1
0 0 1 14 3 43 0
1 15 0 50 1 34 2
0 2 3 34 3 48 0
0 31 0 56 0 14 3
1 41 1 3 3 6 3
0 37 1 43 0 12 2
0 44 1 39 3 49 2
1 10 3 4 3 11 3
0 39 2 33 1 12 3
1 49 1 13 0 49 2
0 58 0 12 1 33 2
0 7 0 10 3 24 0
1 1 0 4 2 37 0
0 46 0 43 3 50 2
1 30 3 57 2 49 1
0 37 1 43 0 12 2
0 44 1 39 3 49 2
1 10 3 4 3 11 3
0 39 2 33 1 12 3
1 49 1 13 0 49 2
0 58 0 12 1 33 2
0 7 0 10 3 24 0
1 1 0 4 2 37 0
0 46 0 43 3 50 2
1 30 3 57 2 49 1
0 61 1 41 2 32 2
1 27 2 24 1 7 1
0 63 2 12 3 53 1
1 14 1 17 0 14 3
1 63 2 55 3 38 3
1 13 0 29 2 51 2
0 61 3 4 1 5 0
0 12 1 28 2 48 3
0 7 1 9 2 35 0
0 62 0 51 3 21 3
1 13 2 18 2 34 0
1 49 3 23 2 15 2
1 52 3 24 1 9 0
0 16 3 29 2 42 3
0 11 0 35 0 14 0
1 31 3 60 3 32 3
0 31 2 27 3 21 2
0 23 3 61 0 9 0
0 46 0 48 3 21 0
1 32 3 12 0 10 0
0 37 1 43 0 12 2
0 44 1 39 3 49 2
1 10 3 4 3 11 3
0 39 2 33 1 12 3
1 49 1 13 0 49 2
0 58 0 12 1 33 2
0 7 0 10 3 24 0
1 1 0 4 2 37 0
0 46 0 43 3 50 2
1 30 3 57 2 49 1
0 37 1 43 0 12 2
0 44 1 39 3 49 2
1 10 3 4 3 11 3
0 39 2 33 1 12 3
1 49 1 13 0 49 2
0 58 0 12 1 33 2
0 7 0 10 3 24 0
1 1 0 4 2 37 0
0 46 0 43 3 50 2
1 30 3 57 2 49 1
0 37 1 43 0 12 2
0 44 1 39 3 49 2
1 10 3 4 3 11 3
0 39 2 33 1 12 3
1 49 1 13 0 49 2
0 58 0 12 1 33 2
0 7 0 10 3 24 0
1 1 0 4 2 37 0
0 46 0 43 3 50 2
1 30 3 57 2 49 1
0 36 2 43 3 30 0
1 27 1 49 3 28 0
1 42 2 2 2 58 2
1 6 1 10 1 61 2
0 46 2 56 0 29 1
1 16 2 45 1 34 0
0 37 0 5 3 32 3
0 5 3 52 3 16 0
0 6 1 45 2 60 3
1 19 2 27 0 35 0
0 37 1 43 0 12 2
0 44 1 39 3 49 2
1 10 3 4 3 11 3
0 39 2 33 1 12 3
1 49 1 13 0 49 2
0 58 0 12 1 33 2
0 7 0 10 3 24 0
1 1 0 4 2 37 0
0 46 0 43 3 50 2
1 30 3 57 2 49 1
0 37 1 43 0 12 2
0 44 1 39 3 49 2
1 10 3 4 3 11 3
0 39 2 33 1 12 3
1 49 1 13 0 49 2
0 58 0 12 1 33 2
0 7 0 10 3 24 0
1 1 0 4 2 37 0
0 46 0 43 3 50 2
1 30 3 57 2 49 1
0 31 1 17 0 59 3
0 20 2 3 3 32 1
0 28 1 32 0 33 2
1 39 1 50 2 51 0
1 28 2 52 2 55 3
0 0 3 36 2 38 0
0 23 0 61 0 60 2
0 48 3 19 0 43 2
1 19 2 3 2 41 1
1 18 2 55 2 24 2
0 37 1 43 0 12 2
0 44 1 39 3 49 2
1 10 3 4 3 11 3
0 39 2 33 1 12 3
1 49 1 13 0 49 2
0 58 0 12 1 33 2
0 7 0 10 3 24 0
1 1 0 4 2 37 0
0 46 0 43 3 50 2
1 30 3 57 2 49 1
0 37 1 43 0 12 2
0 44 1 39 3 49 2
1 10 3 4 3 11 3
0 39 2 33 1 12 3
1 49 1 13 0 49 2
0 58 0 12 1 33 2
0 7 0 10 3 24 0
1 1 0 4 2 37 0
0 46 0 43 3 50 2
1 30 3 57 2 49 1
1 26 1 50 0 15 3
1 46 0 42 3 37 3
1 28 2 34 2 53 1
0 35 3 6 3 4 2
0 23 1 29 0 61 2
0 60 3 4 3 56 3
1 21 0 18 3 63 3
0 61 2 8 2 42 2
1 24 2 52 3 22 2
1 10 0 44 2 52 0
1 21 3 59 0 21 1
1 53 1 24 2 25 3
1 10 3 54 2 33 0
1 24 0 11 3 30 2
0 21 3 58 1 29 2
0 6 0 48 3 11 2
1 13 2 16 1 43 3
1 53 1 0 0 47 0
1 27 2 44 0 59 3
0 49 1 43 3 3 1
0 37 1 43 0 12 2
0 44 1 39 3 49 2
1 10 3 4 3 11 3
0 39 2 33 1 12 3
1 49 1 13 0 49 2
0 58 0 12 1 33 2
0 7 0 10 3 24 0
1 1 0 4 2 37 0
0 46 0 43 3 50 2
1 30 3 57 2 49 1
0 37 1 43 0 12 2
0 44 1 39 3 49 2
1 10 3 4 3 11 3
0 39 2 33 1 12 3
1 49 1 13 0 49 2
0 58 0 12 1 33 2
0 7 0 10 3 24 0
1 1 0 4 2 37 0
0 46 0 43 3 50 2
1 30 3 57 2 49 1
0 37 1 43 0 12 2
0 44 1 39 3 49 2
1 10 3 4 3 11 3
0 39 2 33 1 12 3
1 49 1 13 0 49 2
0 58 0 12 1 33 2
0 7 0 10 3 24 0
1 1 0 4 2 37 0
0 46 0 43 3 50 2
1 30 3 57 2 49 1
0 37 1 43 0 12 2
0 44 1 39 3 49 2
1 10 3 4 3 11 3
0 39 2 33 1 12 3
1 49 1 13 0 49 2
0 58 0 12 1 33 2
0 7 0 10 3 24 0
1 1 0 4 2 37 0
0 46 0 43 3 50 2
1 30 3 57 2 49 1
0 37 1 43 0 12 2
0 44 1 39 3 49 2
1 10 3 4 3 11 3
0 39 2 33 1 12 3
1 49 1 13 0 49 2
0 58 0 12 1 33 2
0 7 0 10 3 24 0
1 1 0 4 2 37 0
0 46 0 43 3 50 2
1 30 3 57 2 49 1
1 58 2 18 1 16 0
0 56 1 61 1 9 1
0 40 3 59 3 5 0
1 18 1 58 3 39 3
0 52 0 19 3 7 1
1 61 2 36 3 58 3
0 36 1 40 0 43 1
0 5 3 37 2 26 0
1 50 3 34 2 50 0
0 35 3 32 0 53 0
1 9 0 25 0 33 3
0 58 0 6 0 28 0
1 11 2 47 0 38 2
0 5 2 7 3 13 1
0 13 3 37 3 14 2
0 22 2 1 1 36 3
0 3 3 56 0 55 0
1 54 2 47 3 53 3
0 20 1 30 0 58 0
0 11 0 7 0 61 1
0 37 1 43 0 12 2
0 44 1 39 3 49 2
1 10 3 4 3 11 3
0 39 2 33 1 12 3
1 49 1 13 0 49 2
0 58 0 12 1 33 2
0 7 0 10 3 24 0
1 1 0 4 2 37 0
0 46 0 43 3 50 2
1 30 3 57 2 49 1
0 37 1 43 0 12 2
0 44 1 39 3 49 2
1 10 3 4 3 11 3
0 39 2 33 1 12 3
1 49 1 13 0 49 2
0 58 0 12 1 33 2
0 7 0 10 3 24 0
1 1 0 4 2 37 0
0 46 0 43 3 50 2
1 30 3 57 2 49 1
0 20 1 55 3 8 2
1 2 3 16 0 53 3
1 21 1 30 0 51 3
1 56 1 12 3 32 2
1 0 3 12 0 17 2
0 33 3 25 1 46 2
0 11 3 21 1 0 3
1 5 0 7 3 17 0
1 23 2 39 2 49 2
1 61 3 22 3 16 2
0 37 1 43 0 12 2
0 44 1 39 3 49 2
1 10 3 4 3 11 3
0 39 2 33 1 12 3
1 49 1 13 0 49 2
0 58 0 12 1 33 2
0 7 0 10 3 24 0
1 1 0 4 2 37 0
0 46 0 43 3 50 2
1 30 3 57 2 49 1
1 30 1 17 2 9 1
1 57 0 41 1 61 3
0 4 2 57 1 54 1
1 39 3 1 2 27 3
1 19 2 14 1 6 3
0 29 0 31 2 19 1
0 28 1 28 3 43 3
0 21 2 38 3 20 1
1 49 1 1 3 40 1
0 22 2 12 2 34 3
1 41 0 63 0 33 0
1 32 0 61 2 9 0
0 53 0 31 0 5 0
1 61 3 2 0 50 0
0 51 0 22 3 1 3
1 60 0 3 0 7 1
1 57 3 51 0 7 1
0 2 2 0 0 38 0
0 16 3 1 2 16 3
1 56 1 24 3 26 0
0 37 1 43 0 12 2
0 44 1 39 3 49 2
1 10 3 4 3 11 3
0 39 2 33 1 12 3
1 49 1 13 0 49 2
0 58 0 12 1 33 2
0 7 0 10 3 24 0
1 1 0 4 2 37 0
0 46 0 43 3 50 2
1 30 3 57 2 49 1
0 32 3 31 1 22 3
1 1 1 49 2 17 3
1 46 2 59 1 3 1
0 55 1 31 0 5 2
0 4 0 50 1 5 2
1 36 3 35 2 23 3
1 30 3 6 3 6 2
1 47 1 18 1 4 1
1 35 2 43 2 59 3
1 58 0 6 1 6 3
0 37 1 43 0 12 2
0 44 1 39 3 49 2
1 10 3 4 3 11 3
0 39 2 33 1 12 3
1 49 1 13 0 49 2
0 58 0 12 1 33 2
0 7 0 10 3 24 0
1 1 0 4 2 37 0
0 46 0 43 3 50 2
1 30 3 57 2 49 1
0 35 2 21 1 7 3
0 33 3 37 0 63 1
0 8 2 13 0 35 3
0 23 2 39 2 53 2
0 59 2 58 3 8 3
0 25 0 30 0 16 1
1 54 1 36 3 21 0
0 44 2 44 0 29 3
1 45 0 17 0 36 1
1 39 0 49 2 56 2
0 26 0 22 1 5 1
1 41 2 17 3 54 1
0 19 2 45 1 33 3
1 29 0 33 2 30 0
1 48 0 45 1 45 1
0 18 3 34 1 20 2
0 42 1 1 0 55 1
1 11 3 20 3 9 2
1 54 0 35 1 55 3
0 31 1 59 3 2 3
0 23 3 16 2 32 2
0 56 3 55 3 30 2
1 16 2 47 1 45 0
0 23 1 62 3 31 2
0 60 2 25 3 32 3
0 35 1 19 0 28 0
1 60 2 15 1 36 1
0 46 0 20 0 55 0
1 59 1 61 1 22 1
0 58 0 47 3 23 3
0 37 1 43 0 12 2
0 44 1 39 3 49 2
1 10 3 4 3 11 3
0 39 2 33 1 12 3
1 49 1 13 0 49 2
0 58 0 12 1 33 2
0 7 0 10 3 24 0
1 1 0 4 2 37 0
0 46 0 43 3 50 2
1 30 3 57 2 49 1
0 37 1 43 0 12 2
0 44 1 39 3 49 2
1 10 3 4 3 11 3
0 39 2 33 1 12 3
1 49 1 13 0 49 2
0 58 0 12 1 33 2
0 7 0 10 3 24 0
1 1 0 4 2 37 0
0 46 0 43 3 50 2
1 30 3 57 2 49 1
0 37 1 43 0 12 2
0 44 1 39 3 49 2
1 10 3 4 3 11 3
0 39 2 33 1 12 3
1 49 1 13 0 49 2
0 58 0 12 1 33 2
0 7 0 10 3 24 0
1 1 0 4 2 37 0
0 46 0 43 3 50 2
1 30 3 57 2 49 1
0 37 1 43 0 12 2
0 44 1 39 3 49 2
1 10 3 4 3 11 3
0 39 2 33 1 12 3
1 49 1 13 0 49 2
0 58 0 12 1 33 2
0 7 0 10 3 24 0
1 1 0 4 2 37 0
0 46 0 43 3 50 2
-1 30 3 57 2 49 1
