0 417 2 367 0 692 3
1 788 3 62 2 406 1
1 69 3 990 3 299 2
1 475 2 439 2 542 3
0 280 1 234 2 643 1
0 312 0 609 0 79 3
1 486 0 348 3 456 2
0 755 0 772 3 466 3
1 1008 2 369 1 483 3
1 102 1 813 2 753 3
1 833 2 730 3 667 2
0 99 1 344 2 797 0
1 240 3 50 0 361 3
1 844 3 428 3 180 2
1 933 1 828 2 663 2
1 306 1 863 1 958 0
0 731 0 273 3 556 0
0 917 3 661 2 742 2
1 922 0 998 0 901 3
0 540 1 564 3 902 3
0 524 2 804 3 17 2
1 157 0 734 0 104 1
1 823 2 956 0 302 3
0 573 3 1023 1 232 1
1 395 0 800 3 178 0
0 195 2 26 0 679 0
0 783 2 628 2 96 0
1 398 3 911 3 686 2
0 918 0 148 2 176 0
-1 354 0 480 2 762 2
