2 978 1 205 2 269 1
2 986 2 108 1 428 2
1 777 2 115 1 625 2
2 226 1 705 0 46 2
1 927 2 98 1 804 0
1 247 0 910 2 997 0
0 885 1 517 3 197 1
1 829 2 702 0 496 3
1 310 1 858 3 881 1
2 267 2 346 0 359 1
0 798 0 909 0 138 1
1 643 2 556 3 852 1
1 480 3 567 0 572 1
1 278 0 919 2 361 2
1 959 1 130 1 361 1
2 900 3 417 0 589 0
2 283 3 494 3 43 1
2 180 2 163 2 397 3
2 325 1 40 1 412 0
2 448 3 425 2 913 0
2 978 1 205 2 269 1
2 986 2 108 1 428 2
1 777 2 115 1 625 2
2 226 1 705 0 46 2
1 927 2 98 1 804 0
1 247 0 910 2 997 0
0 885 1 517 3 197 1
1 829 2 702 0 496 3
1 310 1 858 3 881 1
2 267 2 346 0 359 1
0 798 0 909 0 138 1
1 643 2 556 3 852 1
1 480 3 567 0 572 1
1 278 0 919 2 361 2
1 959 1 130 1 361 1
2 900 3 417 0 589 0
2 283 3 494 3 43 1
2 180 2 163 2 397 3
2 325 1 40 1 412 0
2 448 3 425 2 913 0
0 481 1 319 1 456 1
2 660 0 813 2 946 3
1 422 0 163 2 342 1
0 98 0 625 2 406 0
1 582 0 849 1 446 0
0 327 3 574 2 207 3
2 315 3 204 2 354 3
1 99 0 130 1 822 1
1 946 1 645 1 718 0
2 684 0 641 1 833 0
2 869 0 802 0 576 3
0 683 2 545 1 38 3
0 443 1 280 0 428 0
1 434 1 849 3 640 2
2 751 1 378 2 847 2
1 972 0 334 0 886 2
2 150 0 279 3 399 3
0 119 1 507 2 53 3
0 560 3 897 2 47 1
0 769 2 187 2 917 3
2 978 1 205 2 269 1
2 986 2 108 1 428 2
1 777 2 115 1 625 2
2 226 1 705 0 46 2
1 927 2 98 1 804 0
1 247 0 910 2 997 0
0 885 1 517 3 197 1
1 829 2 702 0 496 3
1 310 1 858 3 881 1
2 267 2 346 0 359 1
0 798 0 909 0 138 1
1 643 2 556 3 852 1
1 480 3 567 0 572 1
1 278 0 919 2 361 2
1 959 1 130 1 361 1
2 900 3 417 0 589 0
2 283 3 494 3 43 1
2 180 2 163 2 397 3
2 325 1 40 1 412 0
2 448 3 425 2 913 0
2 978 1 205 2 269 1
2 986 2 108 1 428 2
1 777 2 115 1 625 2
2 226 1 705 0 46 2
1 927 2 98 1 804 0
1 247 0 910 2 997 0
0 885 1 517 3 197 1
1 829 2 702 0 496 3
1 310 1 858 3 881 1
2 267 2 346 0 359 1
0 798 0 909 0 138 1
1 643 2 556 3 852 1
1 480 3 567 0 572 1
1 278 0 919 2 361 2
1 959 1 130 1 361 1
2 900 3 417 0 589 0
2 283 3 494 3 43 1
2 180 2 163 2 397 3
2 325 1 40 1 412 0
-1 448 3 425 2 913 0
