0 825 1 997 2 995 1
0 47 2 230 2 919 0
0 24 0 253 3 725 1
0 305 2 99 0 788 1
1 807 1 559 1 419 0
1 414 2 791 1 868 1
1 787 1 581 3 977 2
0 54 0 677 0 430 0
0 570 1 621 2 519 0
1 938 1 330 0 675 1
1 543 2 112 2 148 1
1 477 3 483 0 79 0
0 861 0 412 0 746 2
0 265 2 877 3 711 3
1 386 0 776 1 878 0
1 26 1 512 0 220 0
0 652 0 280 1 501 0
1 247 2 811 0 701 0
1 764 3 678 3 279 2
0 510 2 100 0 683 0
0 903 0 132 3 821 0
1 322 1 718 1 591 2
1 644 2 852 1 170 2
0 801 0 696 3 734 0
0 417 1 944 0 425 1
0 246 1 1 0 2 3
1 946 1 274 2 524 2
1 694 0 615 3 400 0
1 134 0 359 3 629 3
0 55 0 508 1 278 1
0 960 2 908 3 976 3
1 407 1 75 3 447 3
0 574 3 123 0 995 0
1 39 0 694 2 438 2
1 513 3 397 1 393 1
0 721 0 828 1 121 3
0 568 3 480 3 458 3
1 454 3 783 1 299 1
1 89 0 398 2 151 3
1 897 0 783 2 712 3
1 833 3 427 2 42 3
1 500 2 476 2 481 3
1 132 1 490 1 673 0
1 176 3 954 1 487 2
0 199 1 551 1 272 3
1 314 2 332 3 509 0
1 342 0 273 3 565 3
0 590 0 576 2 687 2
0 175 0 292 2 378 3
1 2 2 546 1 117 2
0 978 3 957 0 163 2
1 80 2 548 2 998 0
0 685 2 332 0 35 0
1 413 0 50 3 994 1
0 463 3 920 1 922 2
0 437 0 613 1 806 1
1 804 1 976 2 700 0
0 87 1 345 0 753 0
1 99 1 704 3 228 0
0 503 2 174 0 667 0
0 280 0 711 2 534 2
1 58 0 576 0 177 0
1 577 0 758 0 372 1
1 2 1 895 1 209 3
0 839 0 580 0 845 0
0 731 2 923 1 446 0
1 975 0 844 1 252 3
1 624 0 288 2 549 0
1 111 3 746 2 556 2
0 753 2 825 0 952 0
1 751 0 518 2 644 2
1 896 1 952 1 742 1
1 643 1 887 2 68 1
1 624 3 831 1 634 0
1 938 1 838 1 357 0
0 2 3 399 2 388 0
1 482 1 623 2 722 2
0 142 3 289 3 806 1
0 440 1 414 3 534 0
0 892 1 188 2 32 0
0 772 0 916 3 941 3
1 663 1 613 1 544 3
0 350 0 125 3 153 3
0 688 3 294 0 456 3
0 840 3 970 1 123 2
0 64 1 953 3 178 2
0 722 1 513 1 549 2
0 55 1 442 3 376 0
1 833 3 205 1 50 3
-1 638 1 766 2 237 3
