1 578 2 807 1 33 1
1 631 1 604 1 817 2
1 277 0 55 1 975 2
0 35 3 589 3 605 3
0 668 2 864 3 616 3
1 167 3 509 0 620 1
1 960 0 78 0 96 0
0 919 2 326 0 812 0
1 264 3 358 1 429 3
1 345 0 18 3 619 3
1 971 0 361 0 965 1
1 495 2 590 2 730 1
0 433 2 546 1 125 0
1 913 3 657 2 681 3
0 359 3 415 1 43 1
1 485 1 463 0 1019 0
1 148 1 729 0 665 3
0 179 2 739 3 950 2
1 620 3 998 1 424 2
1 355 0 738 1 870 3
1 890 1 772 1 436 2
1 177 0 879 3 293 2
1 629 1 278 3 793 0
0 592 1 643 2 196 3
1 824 0 883 1 365 0
0 633 1 877 1 949 1
0 61 3 27 1 65 0
0 410 2 758 0 346 2
0 38 1 674 0 655 3
0 158 1 233 0 963 1
1 57 1 377 3 288 1
1 133 0 884 3 275 2
0 477 2 603 0 393 2
0 582 3 278 2 1008 2
0 118 0 518 0 658 3
0 50 1 27 3 465 1
0 565 1 654 1 40 1
1 83 2 726 2 15 1
0 438 3 227 0 40 2
1 883 3 533 2 245 3
1 895 2 364 0 668 1
0 725 1 903 3 81 2
1 454 0 188 2 843 3
0 718 2 7 2 813 0
0 511 0 203 0 938 0
0 688 0 527 2 180 0
1 802 2 65 1 911 1
1 719 3 700 1 637 2
1 173 1 182 1 47 2
1 906 2 42 2 169 0
0 459 1 485 1 84 3
1 147 1 531 1 657 1
0 300 2 850 2 469 0
1 504 1 499 1 772 1
1 360 2 726 3 932 3
1 146 0 550 0 834 1
0 779 3 505 2 281 1
0 489 0 945 2 554 2
0 157 3 316 0 585 1
0 941 0 188 0 358 3
0 572 3 914 2 637 1
0 338 3 485 0 118 0
1 424 3 438 1 301 1
1 632 0 753 3 477 3
1 210 0 47 2 778 1
0 795 3 913 1 235 1
0 66 0 18 0 1015 2
1 713 3 804 2 728 1
0 1022 2 490 0 10 1
1 586 3 714 0 33 1
0 180 2 844 1 227 1
0 897 2 801 2 877 3
1 76 1 768 0 515 1
0 367 3 896 3 362 3
0 57 3 202 1 482 1
0 666 0 656 3 345 2
1 283 0 303 1 759 3
0 591 0 141 1 68 3
0 660 0 726 2 755 0
1 369 2 414 1 276 0
1 859 3 590 1 986 3
1 468 1 765 2 515 3
1 241 3 604 3 449 2
0 854 2 1002 0 27 0
0 906 0 555 0 340 0
0 53 0 925 0 959 3
0 513 0 997 3 637 0
1 594 2 946 0 377 3
0 753 1 425 2 953 1
1 354 3 711 2 124 1
1 849 2 980 3 510 3
1 568 0 319 0 152 3
0 27 0 794 2 582 3
0 434 0 620 3 921 0
1 1003 2 480 1 279 1
0 495 1 654 2 583 3
0 663 0 985 1 413 2
1 720 2 610 1 891 0
1 48 2 979 1 312 0
1 766 2 832 3 11 2
0 495 3 812 3 388 3
0 227 2 752 2 122 2
0 757 1 897 3 584 1
1 856 1 196 0 427 2
1 1001 0 602 0 474 1
1 1021 2 408 2 12 2
0 988 0 11 2 450 0
0 362 0 707 1 246 3
1 508 3 520 2 730 2
0 454 1 36 2 48 2
0 757 0 596 3 783 2
0 611 3 972 1 983 3
0 533 2 217 2 147 3
1 874 2 500 0 798 0
1 405 2 196 2 292 3
0 707 0 577 2 156 1
1 652 2 837 0 423 1
1 960 1 902 0 813 3
0 119 2 573 0 348 1
0 295 0 385 2 131 2
1 354 2 186 3 324 2
1 443 3 70 2 772 1
1 785 0 91 2 920 0
1 852 3 855 2 135 3
0 701 3 498 1 97 1
1 790 1 664 0 517 1
0 57 0 241 3 916 0
0 385 3 419 1 105 0
1 677 1 147 2 570 2
0 828 0 548 2 247 3
0 1016 1 704 0 908 3
1 1001 1 71 0 2 0
1 512 0 13 0 14 2
0 630 3 97 0 754 3
1 686 0 377 1 16 3
1 657 0 853 0 711 2
1 716 2 944 3 24 1
1 344 1 869 0 656 2
0 360 1 246 0 292 2
1 855 3 374 0 413 3
1 924 0 525 2 971 0
1 109 1 747 1 850 2
1 893 2 949 2 156 0
1 572 0 670 1 735 1
0 597 3 400 1 338 1
1 34 3 934 3 848 2
1 368 2 149 3 439 2
0 1011 2 750 3 174 3
0 554 1 602 0 72 0
0 240 0 197 3 294 2
0 258 0 980 1 506 0
0 682 0 490 1 376 1
1 213 3 356 0 435 0
1 974 0 967 1 539 0
1 662 1 841 0 847 2
0 280 3 476 0 716 2
0 792 1 210 0 839 2
1 726 2 641 3 146 2
1 970 0 479 1 862 1
0 967 2 904 0 604 0
0 116 0 405 2 473 1
0 567 1 877 1 694 1
1 851 0 594 1 43 0
1 164 0 529 3 339 0
1 552 3 580 2 802 2
1 347 2 53 3 354 3
0 537 3 302 3 498 1
0 196 1 811 1 474 3
1 365 0 828 3 694 2
0 89 2 640 2 847 1
0 403 1 516 0 575 1
1 121 0 899 0 742 3
0 241 0 1015 1 580 2
1 413 0 763 3 129 3
1 869 1 1007 3 81 0
1 405 0 876 0 580 1
1 401 2 426 3 271 2
0 981 2 684 3 499 0
0 569 3 327 2 689 3
1 1022 0 971 3 230 3
0 603 0 802 2 685 0
0 31 0 627 3 385 0
0 986 2 676 3 526 0
0 115 1 836 3 368 1
0 963 0 480 1 255 2
0 114 2 225 3 535 0
0 151 2 278 1 348 3
1 413 3 934 3 254 1
0 549 1 115 1 368 2
1 587 3 574 1 25 1
1 983 2 931 0 812 2
1 857 3 917 2 568 3
1 892 0 533 0 370 2
0 409 1 725 1 530 0
1 504 1 1 3 78 3
0 68 3 118 1 665 1
1 97 1 906 1 566 1
0 1002 2 899 2 416 1
1 877 2 662 2 934 0
0 392 2 160 1 508 3
1 70 2 309 3 940 0
0 982 3 128 3 159 1
1 280 3 429 1 843 3
0 231 3 449 0 104 2
0 244 3 637 3 699 3
0 172 0 620 2 661 1
1 485 3 1018 3 743 3
1 261 0 910 0 541 0
1 322 2 607 3 706 1
1 604 0 413 1 606 1
0 424 2 593 2 842 3
1 1019 3 687 1 479 3
1 792 0 339 0 590 2
0 421 3 936 3 24 1
1 312 1 163 1 848 0
1 24 0 1001 2 385 1
0 165 0 101 2 797 1
1 127 0 813 1 849 2
1 972 1 569 2 502 1
1 762 0 909 3 182 3
1 220 0 396 2 340 3
0 715 3 488 1 368 0
1 406 2 309 3 439 2
0 718 1 290 1 532 3
0 820 2 333 3 509 2
0 826 3 245 2 98 2
0 927 3 325 3 300 1
0 483 3 847 2 618 0
0 673 0 406 1 196 0
0 123 0 868 1 389 2
1 226 1 426 2 228 0
1 118 2 11 2 580 0
1 974 3 468 3 242 2
1 681 1 765 0 217 3
1 172 1 617 1 641 2
0 185 1 263 2 443 1
0 669 0 87 0 425 0
1 243 0 853 1 102 0
1 563 3 208 2 276 1
0 293 2 92 3 642 0
1 736 3 231 0 354 3
1 909 1 786 0 1001 2
0 373 1 813 3 699 0
0 258 2 369 2 46 1
1 89 1 167 0 165 2
1 472 3 891 0 194 0
0 339 3 970 0 889 2
1 820 3 560 3 710 1
1 496 0 811 2 8 1
0 205 0 579 2 546 2
1 750 3 812 3 341 2
0 840 0 106 3 907 0
1 53 1 213 2 363 2
1 431 0 406 0 369 0
0 578 3 396 3 438 1
1 191 1 903 3 9 2
1 790 1 629 1 113 0
0 242 0 613 1 765 0
0 1 2 918 1 1022 0
1 153 3 626 1 863 3
0 737 0 544 3 578 2
0 358 0 239 1 746 2
0 177 1 609 2 357 2
0 293 2 452 1 459 1
1 124 3 336 3 127 1
1 936 0 913 3 598 3
1 265 2 688 0 536 1
1 9 0 559 0 633 2
0 227 0 61 0 902 0
1 459 3 975 1 204 3
1 347 3 279 0 464 2
1 570 0 807 2 423 2
1 934 2 892 2 663 2
1 159 1 933 1 527 0
0 484 0 925 3 666 3
1 491 2 258 0 785 2
1 85 3 250 0 263 1
0 922 0 93 1 91 2
0 639 1 65 3 82 1
1 888 1 429 3 100 1
0 218 2 313 2 594 1
0 756 0 233 0 443 1
1 713 1 891 0 514 3
1 647 3 858 0 475 0
1 471 2 712 1 341 3
0 614 2 301 0 633 3
1 897 2 482 2 485 2
0 827 2 680 2 849 2
0 236 1 806 3 352 0
0 156 1 405 0 466 0
1 84 1 94 0 762 1
0 112 3 692 1 318 0
0 546 0 907 2 351 2
1 401 0 89 1 281 3
0 996 1 143 2 202 2
0 313 3 638 1 247 0
0 410 3 1020 0 844 2
0 556 1 502 1 15 0
0 538 0 381 0 373 3
1 408 2 895 1 33 3
1 375 1 143 1 980 0
1 283 0 233 2 642 3
0 174 3 129 3 515 2
0 636 0 393 1 887 1
1 8 0 250 0 584 3
1 239 3 174 0 805 1
0 499 1 627 2 234 1
0 256 2 990 1 189 1
1 571 0 611 3 199 2
0 889 2 1016 1 943 3
0 488 3 277 1 731 0
0 226 2 915 2 5 0
0 574 3 867 2 170 2
1 613 1 562 0 568 0
0 381 2 192 0 466 3
0 905 1 872 3 914 3
1 653 1 814 2 908 3
1 995 3 635 0 1001 0
0 834 1 418 0 491 3
0 857 1 849 2 59 0
1 44 1 491 2 110 1
0 534 2 214 1 809 3
1 273 1 260 0 855 3
1 100 1 528 0 64 1
0 861 1 113 2 597 1
0 543 3 106 3 951 1
1 564 0 442 2 737 0
0 180 1 101 3 945 0
0 158 2 275 1 790 0
1 295 1 774 0 44 2
0 80 0 353 0 242 1
1 784 0 929 3 481 3
0 963 2 540 1 559 3
1 664 2 195 1 455 1
1 153 1 956 1 829 2
1 724 2 107 0 506 2
0 894 3 440 0 15 0
1 792 1 736 1 553 1
0 259 2 317 1 934 1
0 273 0 181 3 224 0
0 814 1 547 1 936 3
0 713 3 993 3 77 0
0 429 3 978 2 877 0
0 742 2 249 3 72 3
1 748 3 528 3 567 0
1 704 2 232 0 202 1
0 650 2 497 0 671 3
1 286 1 185 3 793 3
1 468 2 348 1 339 1
0 451 3 83 2 333 3
0 338 3 998 2 958 0
0 267 3 566 3 770 1
0 657 1 500 1 821 1
0 71 3 406 2 849 2
0 936 0 860 2 943 0
0 673 3 367 0 861 1
0 556 3 260 2 327 2
1 937 2 603 1 545 1
1 397 1 299 2 485 3
1 982 1 604 3 323 2
0 277 2 97 3 239 0
0 171 0 216 2 16 0
1 4 0 353 3 205 2
0 314 2 621 1 241 3
1 627 0 57 3 669 3
0 307 1 881 2 759 1
0 7 3 403 2 633 0
0 979 3 318 0 90 1
1 425 0 250 1 787 2
0 320 1 399 0 1008 1
1 426 2 357 1 400 3
0 59 3 156 0 781 0
1 553 3 384 0 756 1
0 813 3 447 3 594 0
0 911 3 344 0 629 0
1 764 1 957 2 842 2
0 381 3 386 2 144 0
1 810 3 271 2 493 0
1 650 1 980 1 183 0
1 555 3 444 1 95 3
0 914 3 62 0 1006 1
1 503 2 933 2 135 1
0 404 0 118 0 185 0
1 67 2 851 1 585 1
1 328 1 868 3 283 3
1 739 2 673 1 662 2
1 501 2 411 3 419 0
0 68 2 989 0 648 2
0 312 0 577 1 179 3
1 261 1 821 2 831 3
1 942 2 45 1 904 0
0 781 1 395 3 579 0
0 709 1 301 2 685 3
0 954 1 771 3 911 3
0 549 0 429 0 472 1
0 503 2 230 1 412 0
0 870 3 310 0 875 1
0 607 1 438 2 249 3
0 276 1 129 0 521 1
1 691 1 901 2 86 3
0 562 1 14 1 770 2
0 847 3 996 0 785 3
0 436 0 640 2 642 3
1 101 3 528 2 933 0
1 429 0 51 0 710 3
1 544 2 803 3 135 0
1 37 1 444 2 456 1
1 514 0 373 0 341 1
1 978 2 349 3 282 0
0 282 2 874 3 870 3
1 289 0 911 0 492 2
1 486 0 873 2 30 1
0 97 2 301 3 886 3
0 504 1 427 0 142 1
1 994 1 489 1 52 1
0 698 1 546 1 327 2
0 362 1 19 3 697 2
1 483 0 942 1 624 0
1 81 1 728 1 265 3
1 389 0 851 2 890 0
1 538 0 640 1 433 0
1 172 3 305 3 777 0
0 368 1 601 3 33 0
1 272 0 617 2 743 2
0 965 2 589 2 489 1
1 842 1 573 3 289 1
1 10 3 606 0 237 0
0 639 0 516 1 669 3
0 309 0 108 2 690 1
1 403 3 715 0 197 3
1 409 2 287 0 837 3
0 814 0 185 2 804 2
0 50 2 718 0 629 3
1 830 1 919 2 770 3
1 887 3 422 3 83 2
0 969 2 263 1 607 2
0 338 1 660 2 567 2
1 25 1 68 3 228 1
1 585 3 661 3 957 0
0 176 1 150 2 161 0
1 515 3 633 0 877 3
0 904 0 690 0 431 2
0 425 2 827 2 278 1
1 905 2 695 1 782 3
1 214 3 383 1 3 3
0 830 3 924 0 92 0
0 19 0 728 2 391 1
0 551 2 537 3 820 2
0 14 1 473 2 167 3
1 319 0 118 2 86 3
0 786 3 556 3 442 0
0 666 3 457 3 1002 3
1 617 3 25 3 347 2
1 278 0 645 0 375 2
0 939 0 838 1 8 0
1 151 1 365 0 873 0
0 558 1 667 3 58 3
1 83 3 832 2 830 2
0 778 3 907 2 739 0
1 11 0 193 2 681 1
1 631 2 305 3 650 3
1 585 2 487 0 850 3
1 876 1 5 1 901 0
1 251 1 594 3 510 0
0 705 0 272 2 3 1
0 773 0 609 0 828 0
1 333 0 1006 0 218 0
0 159 2 377 0 755 0
1 177 1 251 2 95 0
0 402 3 347 0 352 3
0 210 1 381 3 684 1
1 958 1 923 3 870 3
0 41 3 430 2 802 1
1 363 0 414 3 318 0
1 889 0 240 2 270 0
0 588 2 160 3 485 0
0 395 0 653 3 428 2
0 833 2 689 2 743 2
1 511 1 474 1 11 1
0 66 0 689 2 841 0
0 589 2 654 1 892 1
1 239 0 176 0 450 0
1 658 2 686 1 911 1
0 957 2 311 2 401 0
0 958 2 356 3 199 0
1 187 1 363 1 640 1
1 824 1 653 1 917 3
1 91 2 784 2 0 2
1 23 3 238 1 825 0
0 975 0 707 0 93 3
0 127 2 333 2 146 1
0 978 3 19 3 122 2
1 453 1 735 0 266 0
0 1015 3 578 2 410 0
0 102 3 458 0 34 1
1 347 3 279 0 464 2
1 570 0 807 2 423 2
1 934 2 892 2 663 2
1 159 1 933 1 527 0
0 484 0 925 3 666 3
1 491 2 258 0 785 2
1 85 3 250 0 263 1
0 922 0 93 1 91 2
0 639 1 65 3 82 1
1 888 1 429 3 100 1
0 218 2 313 2 594 1
0 756 0 233 0 443 1
1 713 1 891 0 514 3
1 647 3 858 0 475 0
1 471 2 712 1 341 3
0 614 2 301 0 633 3
1 897 2 482 2 485 2
0 827 2 680 2 849 2
0 236 1 806 3 352 0
0 156 1 405 0 466 0
1 84 1 94 0 762 1
0 112 3 692 1 318 0
0 546 0 907 2 351 2
1 401 0 89 1 281 3
0 996 1 143 2 202 2
0 313 3 638 1 247 0
0 410 3 1020 0 844 2
0 556 1 502 1 15 0
0 538 0 381 0 373 3
1 408 2 895 1 33 3
1 375 1 143 1 980 0
1 283 0 233 2 642 3
0 174 3 129 3 515 2
0 636 0 393 1 887 1
1 8 0 250 0 584 3
1 239 3 174 0 805 1
0 499 1 627 2 234 1
0 256 2 990 1 189 1
1 571 0 611 3 199 2
0 889 2 1016 1 943 3
0 488 3 277 1 731 0
0 226 2 915 2 5 0
0 574 3 867 2 170 2
1 613 1 562 0 568 0
0 381 2 192 0 466 3
1 978 2 455 2 539 0
0 246 2 686 2 581 1
1 156 3 505 0 823 3
0 396 3 625 2 497 1
1 285 1 864 0 282 0
1 866 1 960 0 85 0
0 769 1 670 0 1013 1
1 664 1 9 3 237 3
0 997 0 251 0 989 2
0 604 0 980 1 977 2
1 445 3 742 2 652 2
0 488 3 709 1 170 1
0 357 1 538 0 349 3
0 792 3 432 1 137 3
1 889 3 33 2 808 2
0 382 2 392 1 790 1
0 707 3 866 2 189 0
0 319 3 10 1 977 0
1 235 0 20 3 42 3
1 807 3 887 0 606 0
0 294 0 916 1 549 1
0 945 0 185 1 269 2
0 531 2 27 3 542 1
1 237 2 965 2 800 0
1 787 2 970 0 229 0
0 921 3 29 3 125 0
0 692 3 383 1 759 0
0 448 1 955 1 722 3
0 781 3 756 1 711 2
0 439 2 204 1 75 3
0 534 1 788 3 147 1
0 608 0 774 3 626 1
1 876 0 146 2 180 2
0 490 0 895 2 979 2
0 507 3 23 0 619 3
1 654 0 582 3 367 1
1 893 1 690 0 139 1
0 252 3 827 0 306 3
1 223 3 71 0 665 0
1 627 1 979 1 216 0
0 476 3 813 1 61 1
0 179 1 452 1 273 3
0 884 1 323 3 528 0
0 80 1 722 1 708 2
1 14 1 30 3 557 2
1 347 3 279 0 464 2
1 570 0 807 2 423 2
1 934 2 892 2 663 2
1 159 1 933 1 527 0
0 484 0 925 3 666 3
1 491 2 258 0 785 2
1 85 3 250 0 263 1
0 922 0 93 1 91 2
0 639 1 65 3 82 1
1 888 1 429 3 100 1
0 218 2 313 2 594 1
0 756 0 233 0 443 1
1 713 1 891 0 514 3
1 647 3 858 0 475 0
1 471 2 712 1 341 3
0 614 2 301 0 633 3
1 897 2 482 2 485 2
0 827 2 680 2 849 2
0 236 1 806 3 352 0
0 156 1 405 0 466 0
1 84 1 94 0 762 1
0 112 3 692 1 318 0
0 546 0 907 2 351 2
1 401 0 89 1 281 3
0 996 1 143 2 202 2
0 313 3 638 1 247 0
0 410 3 1020 0 844 2
0 556 1 502 1 15 0
0 538 0 381 0 373 3
1 408 2 895 1 33 3
1 375 1 143 1 980 0
1 283 0 233 2 642 3
0 174 3 129 3 515 2
0 636 0 393 1 887 1
1 8 0 250 0 584 3
1 239 3 174 0 805 1
0 499 1 627 2 234 1
0 256 2 990 1 189 1
1 571 0 611 3 199 2
0 889 2 1016 1 943 3
0 488 3 277 1 731 0
0 226 2 915 2 5 0
0 574 3 867 2 170 2
1 613 1 562 0 568 0
0 381 2 192 0 466 3
1 533 0 62 3 179 2
0 349 1 292 0 23 0
0 616 1 121 2 513 1
0 867 2 932 0 712 1
0 507 0 38 1 573 0
1 298 1 602 3 263 3
0 299 1 927 3 512 2
1 779 3 730 0 864 3
0 985 2 113 0 838 1
1 917 2 203 0 71 1
0 420 3 647 1 769 2
1 887 1 19 1 590 2
1 716 1 770 2 415 0
1 508 1 42 1 389 0
1 37 0 750 1 635 1
0 754 2 90 3 72 2
1 228 0 594 2 612 1
1 30 1 918 1 309 3
1 817 0 82 0 974 2
0 896 0 41 0 768 2
0 180 3 858 0 836 0
1 281 3 628 2 79 1
1 681 2 133 2 300 3
1 502 1 873 1 254 3
0 280 1 965 1 525 3
1 932 0 654 1 837 3
0 827 3 627 0 197 2
1 603 0 170 1 703 0
0 838 3 84 2 635 0
1 393 1 876 0 68 1
0 520 2 816 0 562 0
0 383 0 932 0 270 0
1 793 1 913 1 578 3
1 615 0 754 0 172 1
0 149 3 326 1 36 0
0 985 3 751 0 162 1
0 409 2 184 0 857 2
1 422 3 827 0 465 0
1 244 2 573 2 590 3
0 422 2 255 0 762 3
0 462 2 738 2 137 0
0 954 2 437 2 244 1
0 564 2 619 0 912 2
0 63 3 98 2 117 0
0 966 1 116 2 55 2
0 669 1 895 0 637 0
1 262 3 765 1 101 1
0 187 2 830 3 950 0
0 485 3 711 2 366 1
1 391 2 767 1 122 1
1 176 3 582 3 399 2
1 966 0 517 3 567 0
0 109 2 537 1 816 3
0 1007 0 711 1 93 0
0 55 3 584 0 768 1
1 705 1 379 2 555 2
1 846 3 436 0 511 3
0 967 1 425 1 1009 3
1 968 1 385 1 780 2
0 539 1 1002 0 409 0
0 559 0 93 3 934 3
0 756 0 25 0 414 1
0 616 0 503 2 462 3
0 238 0 420 1 695 1
0 700 0 256 2 333 3
1 13 2 708 2 991 1
1 989 0 646 1 216 3
1 478 1 186 1 388 3
1 306 0 921 1 957 1
1 597 1 622 3 0 3
1 732 0 617 2 799 3
0 302 1 1020 1 681 3
0 809 2 614 1 496 3
0 250 2 273 3 29 2
0 884 2 776 2 293 0
0 36 0 305 2 914 2
1 162 0 843 3 476 1
1 399 0 51 2 87 3
1 443 1 1 2 360 1
1 415 1 663 1 968 2
1 849 0 389 3 897 3
1 456 1 135 3 857 1
0 183 0 377 3 267 2
0 1015 2 926 0 913 0
1 44 1 915 0 561 0
1 117 1 712 1 523 1
0 399 1 165 3 196 1
0 21 0 225 0 971 2
1 820 0 354 2 31 3
1 450 1 466 2 661 3
1 754 0 660 2 517 0
0 467 0 869 3 774 3
0 388 3 696 1 43 2
1 685 1 515 3 663 1
1 200 1 318 1 110 2
0 405 3 790 3 992 1
1 407 1 483 3 493 1
0 968 0 465 3 167 3
0 24 0 722 2 883 2
1 809 1 126 0 165 3
0 478 3 674 1 0 2
1 816 0 940 2 268 0
0 826 0 829 2 74 1
0 476 3 456 2 39 1
1 386 2 339 2 144 2
1 461 1 277 1 441 0
1 574 2 1015 3 24 0
0 477 0 758 2 988 1
1 886 2 607 1 39 2
0 972 2 768 0 397 2
1 924 3 530 2 604 2
1 727 1 351 2 822 2
1 961 2 483 3 692 3
1 90 2 871 0 713 3
0 285 0 644 0 923 2
1 970 0 619 3 71 2
0 778 0 928 3 733 2
0 163 3 48 1 210 0
0 265 1 180 2 78 0
1 42 0 402 2 405 3
1 101 0 805 0 902 0
0 523 0 833 3 296 0
0 914 3 836 2 9 0
1 571 3 403 2 315 2
1 349 0 59 0 930 0
0 939 1 993 0 935 1
0 128 2 798 3 236 2
1 684 0 241 1 322 0
0 66 2 913 0 57 2
0 783 1 337 1 509 0
1 287 3 194 1 847 1
0 370 1 436 0 318 2
1 180 1 937 0 186 0
1 47 3 683 2 620 3
0 614 2 974 2 425 3
0 999 2 93 0 300 3
0 624 0 515 0 387 2
1 171 3 1019 3 450 2
0 873 3 207 0 193 2
0 35 3 554 2 395 3
1 603 1 136 3 175 3
1 586 2 157 0 149 1
1 1 2 327 0 25 3
0 410 0 652 2 185 2
1 461 1 825 3 287 2
1 181 0 726 2 963 0
0 953 3 511 2 664 2
1 759 0 998 3 400 2
1 31 0 536 0 972 1
0 625 2 182 3 42 0
1 253 3 910 1 887 1
1 313 0 904 1 834 1
0 631 3 855 1 843 1
1 283 0 556 3 420 1
1 126 0 298 1 878 1
0 12 1 235 0 626 2
0 467 0 448 0 418 2
1 232 0 107 1 326 0
1 232 0 431 3 543 0
1 873 2 46 1 915 2
1 852 1 868 1 74 1
1 860 3 637 2 729 3
0 712 0 749 1 962 0
0 625 2 977 2 646 2
0 717 0 136 2 644 3
0 329 3 805 0 409 2
0 184 2 823 3 787 3
1 903 1 433 2 878 3
1 908 2 716 1 481 2
0 11 1 1019 0 46 1
1 973 1 297 0 889 1
0 429 2 837 1 215 2
0 872 3 158 2 269 3
0 515 1 450 3 1000 3
1 66 3 441 0 888 2
1 800 1 279 0 776 0
1 12 1 223 3 220 3
1 593 0 524 3 831 0
1 613 1 129 1 857 2
0 311 1 389 1 165 0
1 347 3 279 0 464 2
1 570 0 807 2 423 2
1 934 2 892 2 663 2
1 159 1 933 1 527 0
0 484 0 925 3 666 3
1 491 2 258 0 785 2
1 85 3 250 0 263 1
0 922 0 93 1 91 2
0 639 1 65 3 82 1
1 888 1 429 3 100 1
0 218 2 313 2 594 1
0 756 0 233 0 443 1
1 713 1 891 0 514 3
1 647 3 858 0 475 0
1 471 2 712 1 341 3
0 614 2 301 0 633 3
1 897 2 482 2 485 2
0 827 2 680 2 849 2
0 236 1 806 3 352 0
0 156 1 405 0 466 0
1 84 1 94 0 762 1
0 112 3 692 1 318 0
0 546 0 907 2 351 2
1 401 0 89 1 281 3
0 996 1 143 2 202 2
0 313 3 638 1 247 0
0 410 3 1020 0 844 2
0 556 1 502 1 15 0
0 538 0 381 0 373 3
1 408 2 895 1 33 3
1 375 1 143 1 980 0
1 283 0 233 2 642 3
0 174 3 129 3 515 2
0 636 0 393 1 887 1
1 8 0 250 0 584 3
1 239 3 174 0 805 1
0 499 1 627 2 234 1
0 256 2 990 1 189 1
1 571 0 611 3 199 2
0 889 2 1016 1 943 3
0 488 3 277 1 731 0
0 226 2 915 2 5 0
0 574 3 867 2 170 2
1 613 1 562 0 568 0
0 381 2 192 0 466 3
0 642 0 723 0 919 2
1 982 1 530 2 906 1
0 962 2 587 1 23 2
1 376 0 697 1 137 0
0 259 1 591 0 648 2
0 874 3 717 0 511 3
0 143 1 478 0 653 0
1 1021 1 998 2 226 1
1 765 2 29 1 451 2
0 346 1 601 1 1003 3
1 345 0 776 2 735 2
0 774 3 453 3 909 3
1 870 1 691 2 567 2
1 549 2 652 0 563 1
0 236 1 1004 2 38 3
0 991 0 592 2 949 0
1 321 0 789 3 502 3
0 632 3 210 2 11 0
0 648 3 142 0 96 2
1 244 1 958 1 167 0
0 622 3 520 3 706 3
0 615 3 843 2 246 0
1 66 0 156 3 150 2
1 307 3 702 0 505 0
1 182 3 377 2 728 3
1 1005 2 808 2 510 0
0 439 1 895 3 335 1
1 162 0 1016 1 219 2
1 278 3 557 2 0 2
1 166 1 66 1 565 2
0 760 2 674 2 821 1
1 577 3 193 0 700 1
0 332 1 425 3 213 0
0 716 0 508 2 620 1
0 946 0 514 1 7 1
1 802 1 798 1 290 0
1 928 3 100 0 82 0
1 368 1 347 1 50 2
0 670 3 759 2 959 2
1 710 1 252 0 707 1
0 244 2 44 2 926 3
1 1018 0 100 0 16 1
1 297 1 321 3 516 0
1 186 2 686 0 488 0
1 271 3 726 2 537 1
0 227 3 694 1 771 2
0 868 0 598 1 978 1
0 883 3 168 3 3 0
1 294 3 298 2 935 1
1 946 0 872 2 826 3
0 46 3 747 1 360 3
0 103 0 122 0 655 1
0 173 0 526 0 316 0
1 565 0 37 0 18 0
1 416 3 705 2 114 1
0 365 3 271 2 296 3
1 92 1 497 3 937 1
0 257 2 390 0 335 1
0 441 3 690 0 632 2
0 855 1 551 0 235 3
0 900 2 635 2 166 0
1 812 0 175 2 412 3
1 842 1 251 1 902 1
1 461 2 786 1 271 3
1 916 2 627 1 543 0
0 329 1 557 3 70 1
1 805 3 972 1 285 3
0 108 1 175 2 197 2
0 487 1 496 2 963 2
1 932 3 527 2 565 1
0 385 2 526 3 346 0
0 287 0 677 1 590 0
0 976 0 708 0 715 2
0 960 2 323 2 555 3
1 945 1 627 2 614 0
0 958 3 993 0 859 3
1 232 1 293 3 8 3
0 270 2 52 0 64 1
0 518 2 196 1 542 3
1 741 0 592 1 681 3
0 919 3 158 0 48 0
1 240 1 673 2 158 3
0 514 0 359 2 514 0
1 535 3 477 0 732 0
1 993 0 310 2 618 1
1 494 1 192 2 378 1
1 191 3 815 0 867 2
1 276 3 686 3 668 1
1 115 2 223 1 279 3
0 566 0 404 0 83 2
1 414 0 873 3 969 3
0 119 0 667 2 495 3
0 494 3 289 1 227 3
1 346 0 651 1 622 2
0 307 0 36 0 419 0
1 915 1 496 3 214 3
1 115 3 263 2 525 0
1 326 1 92 1 145 0
1 113 0 192 2 307 0
0 912 1 868 3 811 0
1 879 1 842 2 1011 0
1 640 1 288 3 511 1
0 18 2 186 0 440 1
1 961 2 857 1 441 0
1 936 1 189 3 737 1
0 931 3 943 0 693 1
0 74 2 182 3 733 0
0 841 2 597 2 158 1
1 905 2 760 3 27 3
1 30 2 61 0 228 3
1 172 2 462 2 609 1
1 1006 1 705 2 734 3
0 426 3 841 1 41 0
0 553 0 565 0 430 2
1 92 3 794 0 521 3
1 573 2 481 1 840 0
1 419 3 472 1 866 2
0 9 1 853 0 293 2
1 631 1 384 1 451 1
0 735 1 20 1 653 0
0 787 1 281 3 187 1
1 134 1 11 0 385 2
0 703 1 445 1 540 1
0 314 1 78 2 671 2
1 747 1 375 0 722 2
0 681 2 271 1 417 0
0 651 1 180 1 740 2
0 844 2 722 3 839 2
1 768 0 318 1 822 2
1 186 3 578 1 709 0
1 495 3 503 3 543 0
0 709 1 820 1 11 3
0 977 1 202 0 1017 3
1 634 2 710 0 394 1
-1 425 0 618 0 180 3
