0 56 2 96 3 39 1
0 73 1 20 0 84 3
0 98 0 82 2 70 0
1 32 3 52 3 44 2
1 69 3 14 2 95 3
0 86 0 2 3 13 3
0 96 3 39 3 38 2
1 0 3 80 0 27 0
1 77 3 19 2 69 3
0 62 0 97 0 4 2
0 43 1 92 2 44 3
1 16 3 90 1 19 2
0 13 3 99 2 87 2
1 44 0 52 2 76 1
0 21 1 71 1 51 1
1 9 3 48 0 66 0
1 53 3 10 0 83 1
0 15 3 80 3 99 0
1 86 1 95 3 67 1
0 67 1 18 2 31 1
1 28 2 38 2 83 0
0 81 0 42 1 61 2
0 79 3 71 3 12 0
1 60 2 25 3 23 1
1 20 0 20 3 41 3
0 49 2 58 3 22 3
1 64 3 45 3 42 0
1 91 1 97 3 77 3
0 78 1 8 0 29 3
1 28 2 80 3 26 2
1 64 2 64 3 61 1
0 21 0 63 2 10 0
1 53 3 54 3 35 0
0 41 1 98 3 87 2
0 15 2 27 0 6 1
1 33 1 12 3 54 2
0 10 1 22 3 27 1
0 85 2 98 2 55 0
1 32 3 35 0 87 0
1 92 2 27 0 12 3
1 90 2 12 1 74 1
0 79 3 45 0 46 3
1 93 1 78 3 68 0
0 68 0 57 1 69 0
1 95 1 36 2 77 0
1 28 2 63 2 26 0
1 15 2 38 2 78 0
0 34 0 82 1 64 1
0 33 3 83 2 92 0
0 2 3 25 2 56 2
0 70 3 5 3 16 2
1 13 2 14 0 52 0
0 74 3 39 1 58 1
0 39 0 65 2 66 0
1 18 2 50 1 47 2
0 53 3 57 2 81 1
1 59 0 3 3 31 3
1 72 0 13 2 19 1
1 31 2 23 0 86 1
0 43 1 44 0 23 3
0 16 0 54 1 66 3
1 70 0 34 0 10 0
1 26 2 76 0 42 3
0 62 1 61 2 25 3
1 49 3 12 1 27 0
0 8 3 25 0 30 1
1 76 2 12 2 91 0
0 66 0 87 0 6 0
0 34 3 78 2 75 3
0 62 1 22 0 16 0
0 45 3 34 0 64 0
0 20 2 98 1 58 1
0 22 2 79 1 27 1
1 90 2 5 0 19 0
0 72 1 39 2 23 1
0 94 0 41 1 47 3
1 59 0 80 2 42 0
1 9 3 62 1 17 2
1 19 2 78 0 8 1
0 49 0 81 1 1 2
0 20 2 5 3 2 3
1 72 1 17 3 86 3
1 46 2 7 2 90 1
1 39 2 58 0 18 0
0 50 3 31 1 29 2
0 26 0 57 1 22 3
1 48 1 36 1 95 1
0 33 0 76 3 45 2
1 76 2 40 0 80 1
0 48 3 84 2 1 0
0 96 0 72 3 61 1
0 54 0 11 1 66 3
1 63 0 93 1 56 1
0 72 1 71 0 62 2
1 36 0 38 1 9 3
1 64 1 58 1 74 3
1 85 3 23 2 93 1
1 3 3 43 3 33 3
1 40 2 81 0 85 1
-1 53 0 93 2 36 1
