0 55 1 41 0 79 0
0 46 2 92 0 9 0
0 84 0 92 3 9 0
0 61 1 65 2 77 1
0 73 1 31 1 98 0
1 29 1 17 3 59 1
0 68 1 10 0 61 3
1 22 3 84 3 92 1
0 21 2 60 2 12 3
1 62 0 64 0 97 1
0 64 2 97 1 57 1
1 78 2 37 0 37 1
0 67 1 18 0 95 2
0 3 3 19 0 4 1
1 26 3 41 3 9 3
0 66 0 7 0 11 1
1 0 2 59 0 15 1
0 62 3 32 2 22 3
0 27 1 19 1 0 1
0 61 0 72 0 44 0
0 64 2 97 1 57 1
1 78 2 37 0 37 1
0 67 1 18 0 95 2
0 3 3 19 0 4 1
1 26 3 41 3 9 3
0 66 0 7 0 11 1
1 0 2 59 0 15 1
0 62 3 32 2 22 3
0 27 1 19 1 0 1
0 61 0 72 0 44 0
1 56 2 3 0 76 2
1 37 1 96 0 36 0
1 80 1 53 1 76 2
1 88 1 71 2 29 3
0 26 1 62 2 11 1
1 87 3 44 1 0 0
1 88 1 84 0 10 2
1 86 0 65 2 65 0
1 47 3 23 1 96 1
0 8 3 75 3 34 3
0 64 2 97 1 57 1
1 78 2 37 0 37 1
0 67 1 18 0 95 2
0 3 3 19 0 4 1
1 26 3 41 3 9 3
0 66 0 7 0 11 1
1 0 2 59 0 15 1
0 62 3 32 2 22 3
0 27 1 19 1 0 1
0 61 0 72 0 44 0
0 87 3 13 3 36 2
0 99 0 65 1 96 2
0 13 2 45 0 98 0
0 46 2 98 2 9 1
0 95 0 30 2 55 0
0 44 2 6 3 34 3
0 30 2 96 3 80 1
0 30 2 94 1 68 0
1 29 1 89 0 61 0
1 68 0 21 0 10 3
0 64 2 97 1 57 1
1 78 2 37 0 37 1
0 67 1 18 0 95 2
0 3 3 19 0 4 1
1 26 3 41 3 9 3
0 66 0 7 0 11 1
1 0 2 59 0 15 1
0 62 3 32 2 22 3
0 27 1 19 1 0 1
0 61 0 72 0 44 0
0 64 2 97 1 57 1
1 78 2 37 0 37 1
0 67 1 18 0 95 2
0 3 3 19 0 4 1
1 26 3 41 3 9 3
0 66 0 7 0 11 1
1 0 2 59 0 15 1
0 62 3 32 2 22 3
0 27 1 19 1 0 1
0 61 0 72 0 44 0
1 44 2 40 2 12 0
1 93 2 77 3 92 3
0 60 3 88 1 84 1
1 97 1 28 2 17 1
0 27 0 42 3 35 2
1 99 2 23 0 52 0
0 44 0 24 0 43 0
1 28 2 63 1 47 3
1 65 1 78 0 25 0
0 12 2 21 0 76 0
0 29 1 28 1 77 1
0 20 1 75 0 15 2
0 15 2 73 0 79 3
0 4 3 96 1 77 2
1 54 2 89 3 15 2
0 92 3 86 1 44 2
1 12 0 91 3 38 1
1 17 0 35 2 40 0
1 17 2 24 3 68 1
-1 6 0 31 3 76 2
