0 523 2 490 0 973 0
1 311 0 638 3 808 2
1 326 3 670 2 452 3
0 497 2 403 1 988 1
0 656 3 634 3 53 0
1 378 1 606 1 705 1
0 513 3 513 3 286 3
0 739 2 382 0 341 2
1 329 3 474 1 118 0
1 524 1 368 2 122 3
0 827 0 456 0 803 2
0 90 1 794 1 844 0
1 185 2 866 2 370 0
1 488 1 776 0 386 1
1 860 0 915 3 100 3
1 255 1 967 1 255 1
0 99 2 999 0 604 2
0 326 2 57 3 359 2
1 97 3 150 1 507 1
0 959 1 80 2 538 3
0 145 1 494 0 803 2
0 759 0 734 2 270 0
1 630 2 784 3 13 3
1 872 0 737 3 549 1
1 440 1 13 1 434 0
0 237 2 766 0 714 1
0 984 1 39 2 679 0
0 692 3 435 0 519 0
1 69 2 496 1 615 2
0 49 2 980 2 20 3
1 564 1 174 1 947 1
1 473 0 500 1 174 1
1 550 3 813 0 11 3
0 167 1 149 3 792 0
1 342 0 452 2 233 2
1 532 0 470 2 808 2
1 982 3 488 0 530 2
0 894 1 109 1 918 2
0 62 2 791 0 90 0
1 676 2 66 0 410 1
0 218 3 234 0 727 2
1 257 0 85 3 77 2
0 348 0 409 2 582 0
1 25 0 886 1 723 0
1 133 1 180 0 997 2
0 724 0 45 1 217 3
1 646 1 753 2 834 2
1 416 3 628 1 863 2
0 586 2 404 0 956 0
0 953 2 32 1 190 2
0 407 1 551 2 942 1
0 128 3 509 1 886 1
0 750 3 481 0 470 1
0 426 1 184 3 523 1
0 713 3 474 1 264 2
1 558 3 983 3 854 1
0 741 2 570 3 986 3
1 456 0 940 2 165 0
1 40 1 429 2 44 3
1 308 1 162 3 668 1
0 86 0 125 2 301 0
1 980 0 435 0 155 2
0 27 2 687 0 792 3
1 759 1 755 0 63 0
0 435 3 489 1 139 2
0 792 2 981 0 471 0
0 626 2 440 1 88 3
1 881 2 410 0 60 2
1 123 2 951 3 793 0
0 284 2 728 0 185 1
0 656 1 404 2 819 0
0 908 3 741 1 337 0
1 749 2 934 1 628 2
0 773 2 568 1 733 1
1 270 2 741 2 540 1
0 711 1 200 3 16 2
0 705 2 894 3 820 0
0 800 2 464 1 745 0
0 478 1 523 0 96 0
0 636 1 938 3 806 3
1 822 1 431 3 935 1
0 755 2 14 3 572 2
0 669 3 518 3 600 1
1 696 1 625 0 826 0
0 632 3 703 2 544 2
1 479 0 20 2 670 2
1 594 1 677 0 432 3
1 384 0 363 1 301 0
1 127 0 853 3 663 0
-1 917 3 43 2 686 3
