1 114 2 367 2
0 296 3 210 0
0 8 3 255 0
0 226 1 130 1
1 318 0 11 0
0 304 2 8 1
1 327 3 335 2
1 293 2 64 3
0 179 3 378 2
1 204 0 292 2
0 449 0 250 1
0 276 1 422 0
0 175 0 169 3
0 438 0 205 3
0 499 2 227 1
0 223 1 185 3
1 155 1 123 1
0 67 1 43 1
0 454 1 134 3
0 496 2 92 1
1 456 1 303 0
0 475 3 68 0
0 39 3 91 3
0 369 2 310 1
0 480 3 441 2
0 25 2 312 1
0 81 2 217 0
0 351 0 17 3
0 143 3 392 3
0 168 0 56 2
1 114 2 367 2
0 296 3 210 0
0 8 3 255 0
0 226 1 130 1
1 318 0 11 0
0 304 2 8 1
1 327 3 335 2
1 293 2 64 3
0 179 3 378 2
1 204 0 292 2
1 114 2 367 2
0 296 3 210 0
0 8 3 255 0
0 226 1 130 1
1 318 0 11 0
0 304 2 8 1
1 327 3 335 2
1 293 2 64 3
0 179 3 378 2
1 204 0 292 2
1 114 2 367 2
0 296 3 210 0
0 8 3 255 0
0 226 1 130 1
1 318 0 11 0
0 304 2 8 1
1 327 3 335 2
1 293 2 64 3
0 179 3 378 2
1 204 0 292 2
1 114 2 367 2
0 296 3 210 0
0 8 3 255 0
0 226 1 130 1
1 318 0 11 0
0 304 2 8 1
1 327 3 335 2
1 293 2 64 3
0 179 3 378 2
1 204 0 292 2
1 114 2 367 2
0 296 3 210 0
0 8 3 255 0
0 226 1 130 1
1 318 0 11 0
0 304 2 8 1
1 327 3 335 2
1 293 2 64 3
0 179 3 378 2
1 204 0 292 2
1 128 2 292 1
0 191 2 239 3
0 255 1 138 0
1 248 3 237 1
1 462 0 406 2
1 380 2 452 0
1 25 1 367 2
0 496 1 137 3
0 53 2 153 3
0 179 3 489 0
1 114 2 367 2
0 296 3 210 0
0 8 3 255 0
0 226 1 130 1
1 318 0 11 0
0 304 2 8 1
1 327 3 335 2
1 293 2 64 3
0 179 3 378 2
1 204 0 292 2
0 84 2 316 2
0 312 2 163 0
1 220 1 280 3
1 470 3 24 3
0 241 0 12 2
1 326 1 494 0
0 402 0 276 3
1 65 3 169 0
1 32 0 140 0
1 304 3 175 0
0 197 1 403 2
0 458 0 445 1
0 491 3 161 0
0 108 1 309 1
1 308 2 65 1
0 304 1 109 3
1 352 1 3 3
1 171 1 479 0
0 36 0 78 1
0 356 1 265 2
0 30 2 448 3
1 275 3 380 0
1 462 0 112 1
1 203 0 465 2
0 187 2 64 1
1 144 2 424 1
0 211 3 114 3
0 242 2 286 2
1 369 0 259 1
1 159 0 93 0
0 50 3 141 2
1 260 3 403 1
0 395 0 312 1
1 198 3 46 0
0 217 1 162 0
0 416 3 426 1
1 349 3 127 2
0 408 2 489 3
1 361 2 91 1
1 203 0 23 1
1 114 2 367 2
0 296 3 210 0
0 8 3 255 0
0 226 1 130 1
1 318 0 11 0
0 304 2 8 1
1 327 3 335 2
1 293 2 64 3
0 179 3 378 2
1 204 0 292 2
1 114 2 367 2
0 296 3 210 0
0 8 3 255 0
0 226 1 130 1
1 318 0 11 0
0 304 2 8 1
1 327 3 335 2
1 293 2 64 3
0 179 3 378 2
1 204 0 292 2
1 114 2 367 2
0 296 3 210 0
0 8 3 255 0
0 226 1 130 1
1 318 0 11 0
0 304 2 8 1
1 327 3 335 2
1 293 2 64 3
0 179 3 378 2
1 204 0 292 2
0 249 2 470 3
0 360 3 190 3
1 153 0 304 0
0 182 0 284 3
1 128 1 261 3
0 181 2 338 0
1 103 1 45 1
0 396 1 304 2
0 197 3 116 1
0 150 0 468 3
1 114 2 367 2
0 296 3 210 0
0 8 3 255 0
0 226 1 130 1
1 318 0 11 0
0 304 2 8 1
1 327 3 335 2
1 293 2 64 3
0 179 3 378 2
1 204 0 292 2
1 172 3 148 1
0 263 2 113 1
0 340 0 31 2
1 304 2 471 0
0 99 1 15 0
0 443 2 398 0
1 310 0 420 2
1 259 1 40 0
1 414 0 435 2
0 269 2 84 0
0 8 3 219 0
1 229 3 478 0
1 335 2 19 0
0 241 3 26 1
1 405 3 451 0
1 402 1 447 2
1 361 3 97 0
1 208 2 98 2
0 182 2 432 1
0 384 2 497 2
1 88 3 271 3
0 468 1 321 0
0 227 1 331 0
0 110 0 372 0
1 14 2 297 2
0 279 2 386 0
1 462 0 112 1
1 472 1 49 2
1 33 1 451 0
1 13 2 433 1
1 114 2 367 2
0 296 3 210 0
0 8 3 255 0
0 226 1 130 1
1 318 0 11 0
0 304 2 8 1
1 327 3 335 2
1 293 2 64 3
0 179 3 378 2
1 204 0 292 2
1 114 2 367 2
0 296 3 210 0
0 8 3 255 0
0 226 1 130 1
1 318 0 11 0
0 304 2 8 1
1 327 3 335 2
1 293 2 64 3
0 179 3 378 2
1 204 0 292 2
0 208 3 277 1
1 221 0 435 3
0 232 1 332 1
0 440 1 412 1
1 85 2 392 0
0 293 1 268 3
0 154 3 93 3
1 346 0 281 2
0 46 2 33 2
1 392 2 437 0
1 114 2 367 2
0 296 3 210 0
0 8 3 255 0
0 226 1 130 1
1 318 0 11 0
0 304 2 8 1
1 327 3 335 2
1 293 2 64 3
0 179 3 378 2
1 204 0 292 2
1 114 2 367 2
0 296 3 210 0
0 8 3 255 0
0 226 1 130 1
1 318 0 11 0
0 304 2 8 1
1 327 3 335 2
1 293 2 64 3
0 179 3 378 2
1 204 0 292 2
1 104 1 237 1
0 179 2 383 3
1 374 2 9 3
1 154 2 38 3
0 150 1 18 3
0 434 3 86 3
1 450 3 473 3
0 103 3 319 2
0 40 0 472 1
0 358 3 50 0
1 202 2 176 0
1 240 2 157 3
1 388 1 409 1
0 85 0 387 0
1 258 1 219 2
0 103 0 402 1
0 245 3 234 1
0 316 2 138 1
1 220 1 174 1
1 342 2 447 2
1 454 0 472 2
0 170 1 11 0
1 199 1 194 2
1 326 2 457 1
1 2 1 196 0
0 327 2 288 3
0 463 1 292 3
1 215 2 385 2
0 372 1 52 2
1 495 1 369 0
1 114 2 367 2
0 296 3 210 0
0 8 3 255 0
0 226 1 130 1
1 318 0 11 0
0 304 2 8 1
1 327 3 335 2
1 293 2 64 3
0 179 3 378 2
1 204 0 292 2
0 0 2 451 1
0 321 0 204 1
1 157 1 233 1
0 488 0 318 1
0 201 1 372 1
0 287 0 113 1
0 175 1 414 2
0 248 3 83 0
0 86 1 37 3
1 250 0 427 0
1 114 2 367 2
0 296 3 210 0
0 8 3 255 0
0 226 1 130 1
1 318 0 11 0
0 304 2 8 1
1 327 3 335 2
1 293 2 64 3
0 179 3 378 2
1 204 0 292 2
1 114 2 367 2
0 296 3 210 0
0 8 3 255 0
0 226 1 130 1
1 318 0 11 0
0 304 2 8 1
1 327 3 335 2
1 293 2 64 3
0 179 3 378 2
1 204 0 292 2
1 114 2 367 2
0 296 3 210 0
0 8 3 255 0
0 226 1 130 1
1 318 0 11 0
0 304 2 8 1
1 327 3 335 2
1 293 2 64 3
0 179 3 378 2
1 204 0 292 2
1 114 2 367 2
0 296 3 210 0
0 8 3 255 0
0 226 1 130 1
1 318 0 11 0
0 304 2 8 1
1 327 3 335 2
1 293 2 64 3
0 179 3 378 2
1 204 0 292 2
1 114 2 367 2
0 296 3 210 0
0 8 3 255 0
0 226 1 130 1
1 318 0 11 0
0 304 2 8 1
1 327 3 335 2
1 293 2 64 3
0 179 3 378 2
1 204 0 292 2
1 22 1 39 2
0 407 1 178 0
0 286 3 52 0
1 110 0 28 1
1 140 0 362 2
1 125 0 463 1
0 201 3 174 0
1 400 3 410 3
1 305 1 270 1
0 147 3 218 3
1 471 3 497 2
1 448 3 329 0
0 382 1 347 0
1 224 0 408 3
1 279 0 457 1
1 227 0 320 1
1 185 1 446 2
1 496 3 266 1
1 335 3 64 2
1 473 3 276 1
1 114 2 367 2
0 296 3 210 0
0 8 3 255 0
0 226 1 130 1
1 318 0 11 0
0 304 2 8 1
1 327 3 335 2
1 293 2 64 3
0 179 3 378 2
1 204 0 292 2
0 367 0 390 0
1 39 3 313 3
1 92 1 118 2
1 73 2 62 3
0 161 2 327 1
1 295 2 24 3
1 122 2 295 0
1 60 3 370 1
0 71 1 11 1
0 91 2 242 1
0 10 3 332 2
0 245 1 147 1
0 430 3 50 2
1 17 2 306 0
0 421 3 181 0
1 37 3 319 0
1 125 2 400 2
0 144 3 465 3
1 225 2 68 0
0 324 1 290 2
1 154 3 401 0
0 458 1 63 1
1 296 3 352 0
1 332 1 120 2
0 297 3 58 2
1 210 2 1 1
0 238 3 428 3
1 468 1 69 3
1 278 0 186 2
0 103 3 421 3
1 114 2 367 2
0 296 3 210 0
0 8 3 255 0
0 226 1 130 1
1 318 0 11 0
0 304 2 8 1
1 327 3 335 2
1 293 2 64 3
0 179 3 378 2
1 204 0 292 2
1 258 1 44 0
1 400 3 133 1
0 157 3 387 1
1 83 1 432 0
1 363 2 173 1
1 253 0 80 3
0 397 1 453 1
1 44 1 480 1
0 212 2 86 0
0 69 3 85 1
1 78 1 173 3
0 438 1 475 2
0 55 3 169 0
1 122 0 106 3
1 53 3 175 3
1 3 0 358 1
1 397 3 186 3
1 157 1 332 0
0 68 3 351 1
1 264 3 7 3
0 144 0 38 3
1 9 3 383 0
0 0 1 135 3
0 110 0 254 2
0 338 2 423 1
1 26 2 163 1
1 33 1 305 3
0 424 1 23 3
1 491 3 270 3
0 15 1 246 1
0 130 3 98 1
0 50 3 102 1
0 131 2 493 0
0 194 0 103 1
1 256 1 31 2
0 81 1 481 0
0 217 2 473 0
0 474 2 147 0
1 112 0 233 1
0 255 3 61 2
1 114 2 367 2
0 296 3 210 0
0 8 3 255 0
0 226 1 130 1
1 318 0 11 0
0 304 2 8 1
1 327 3 335 2
1 293 2 64 3
0 179 3 378 2
1 204 0 292 2
1 284 2 486 3
1 378 1 294 3
1 161 1 239 2
1 455 0 315 3
1 450 3 449 3
0 297 3 232 2
1 305 3 376 3
0 425 1 411 3
0 340 0 161 0
1 258 3 327 1
0 216 3 113 1
1 342 3 258 2
1 463 3 20 3
0 35 0 247 2
0 479 3 420 1
1 287 3 162 3
1 209 3 52 2
1 167 0 16 1
0 393 1 377 2
0 103 1 345 2
1 114 2 367 2
0 296 3 210 0
0 8 3 255 0
0 226 1 130 1
1 318 0 11 0
0 304 2 8 1
1 327 3 335 2
1 293 2 64 3
0 179 3 378 2
1 204 0 292 2
1 385 2 238 1
1 161 1 74 0
0 251 1 95 0
1 148 3 280 0
1 426 2 138 0
0 218 3 477 3
0 76 0 144 3
0 467 0 51 1
0 463 1 241 2
1 153 3 124 1
1 373 3 485 3
1 13 2 127 2
1 89 3 2 1
0 108 0 414 3
1 419 2 90 0
0 243 1 295 0
0 223 1 14 0
1 381 2 243 0
0 444 1 483 2
0 69 2 382 0
1 114 2 367 2
0 296 3 210 0
0 8 3 255 0
0 226 1 130 1
1 318 0 11 0
0 304 2 8 1
1 327 3 335 2
1 293 2 64 3
0 179 3 378 2
1 204 0 292 2
1 328 3 243 2
1 480 2 285 3
0 87 2 31 1
1 192 3 337 3
1 401 0 145 1
0 327 2 437 2
0 206 2 101 2
0 73 2 378 2
1 316 1 464 0
1 227 0 290 0
0 485 1 116 2
0 146 2 65 3
0 411 2 114 1
0 126 2 226 1
0 487 1 297 3
1 400 2 118 2
0 150 0 412 2
0 318 0 172 3
0 44 3 194 2
0 138 1 154 0
1 114 2 367 2
0 296 3 210 0
0 8 3 255 0
0 226 1 130 1
1 318 0 11 0
0 304 2 8 1
1 327 3 335 2
1 293 2 64 3
0 179 3 378 2
1 204 0 292 2
1 114 2 367 2
0 296 3 210 0
0 8 3 255 0
0 226 1 130 1
1 318 0 11 0
0 304 2 8 1
1 327 3 335 2
1 293 2 64 3
0 179 3 378 2
1 204 0 292 2
0 302 3 19 3
1 245 0 389 3
0 336 1 274 0
1 137 2 247 1
0 299 2 153 1
0 369 3 57 3
1 51 1 107 3
0 318 0 332 3
1 79 3 248 1
1 231 2 62 2
0 68 2 266 1
1 186 2 311 0
1 362 3 494 1
0 474 3 386 3
1 269 2 242 1
1 238 0 342 0
1 50 0 265 0
1 240 2 439 3
0 256 2 246 2
1 316 0 79 3
1 114 2 367 2
0 296 3 210 0
0 8 3 255 0
0 226 1 130 1
1 318 0 11 0
0 304 2 8 1
1 327 3 335 2
1 293 2 64 3
0 179 3 378 2
1 204 0 292 2
1 426 0 325 0
0 473 2 146 3
0 429 1 482 2
1 479 3 91 2
0 42 2 308 0
0 248 0 353 3
1 88 1 336 2
1 382 3 236 0
0 498 2 123 1
0 360 0 143 3
1 334 1 257 2
1 386 2 90 3
1 101 3 26 1
1 4 3 184 0
0 90 2 214 1
1 218 1 88 2
1 171 0 74 0
0 60 2 137 2
1 58 3 85 1
1 30 1 416 3
1 114 2 367 2
0 296 3 210 0
0 8 3 255 0
0 226 1 130 1
1 318 0 11 0
0 304 2 8 1
1 327 3 335 2
1 293 2 64 3
0 179 3 378 2
1 204 0 292 2
1 114 2 367 2
0 296 3 210 0
0 8 3 255 0
0 226 1 130 1
1 318 0 11 0
0 304 2 8 1
1 327 3 335 2
1 293 2 64 3
0 179 3 378 2
1 204 0 292 2
1 114 2 367 2
0 296 3 210 0
0 8 3 255 0
0 226 1 130 1
1 318 0 11 0
0 304 2 8 1
1 327 3 335 2
1 293 2 64 3
0 179 3 378 2
1 204 0 292 2
1 114 2 367 2
0 296 3 210 0
0 8 3 255 0
0 226 1 130 1
1 318 0 11 0
0 304 2 8 1
1 327 3 335 2
1 293 2 64 3
0 179 3 378 2
1 204 0 292 2
1 114 2 367 2
0 296 3 210 0
0 8 3 255 0
0 226 1 130 1
1 318 0 11 0
0 304 2 8 1
1 327 3 335 2
1 293 2 64 3
0 179 3 378 2
1 204 0 292 2
1 114 2 367 2
0 296 3 210 0
0 8 3 255 0
0 226 1 130 1
1 318 0 11 0
0 304 2 8 1
1 327 3 335 2
1 293 2 64 3
0 179 3 378 2
1 204 0 292 2
1 468 1 271 2
1 195 1 148 3
1 377 2 367 0
0 261 0 401 2
0 158 1 321 3
0 66 2 335 3
1 16 3 498 3
0 369 2 443 2
1 410 3 275 1
1 362 2 471 3
1 189 1 450 3
1 344 1 495 3
0 336 3 68 2
0 258 0 373 1
0 194 3 377 2
0 133 0 482 0
1 123 2 128 1
1 497 1 142 0
0 407 0 51 3
1 90 1 127 3
1 114 2 367 2
0 296 3 210 0
0 8 3 255 0
0 226 1 130 1
1 318 0 11 0
0 304 2 8 1
1 327 3 335 2
1 293 2 64 3
0 179 3 378 2
1 204 0 292 2
1 114 2 367 2
0 296 3 210 0
0 8 3 255 0
0 226 1 130 1
1 318 0 11 0
0 304 2 8 1
1 327 3 335 2
1 293 2 64 3
0 179 3 378 2
1 204 0 292 2
1 114 2 367 2
0 296 3 210 0
0 8 3 255 0
0 226 1 130 1
1 318 0 11 0
0 304 2 8 1
1 327 3 335 2
1 293 2 64 3
0 179 3 378 2
1 204 0 292 2
0 405 1 249 2
1 193 3 219 3
0 74 3 222 3
0 83 0 198 1
1 350 0 77 2
1 296 0 248 3
1 386 0 20 3
1 204 0 434 3
0 158 2 211 0
1 287 3 105 1
1 2 0 229 0
0 393 0 138 1
0 297 0 184 1
1 351 1 252 2
1 312 0 351 3
1 256 2 196 1
0 441 0 392 3
0 38 0 376 0
1 380 1 493 1
0 65 0 368 1
1 114 2 367 2
0 296 3 210 0
0 8 3 255 0
0 226 1 130 1
1 318 0 11 0
0 304 2 8 1
1 327 3 335 2
1 293 2 64 3
0 179 3 378 2
1 204 0 292 2
1 114 2 367 2
0 296 3 210 0
0 8 3 255 0
0 226 1 130 1
1 318 0 11 0
0 304 2 8 1
1 327 3 335 2
1 293 2 64 3
0 179 3 378 2
1 204 0 292 2
0 369 1 55 0
0 436 0 370 0
1 74 2 461 2
1 109 0 217 2
0 478 2 357 0
1 204 1 256 0
0 162 1 187 1
1 395 1 397 1
0 142 0 416 0
0 365 1 15 2
1 399 0 122 1
0 109 1 421 1
1 479 0 30 2
1 247 1 455 0
1 93 2 223 1
0 233 2 308 0
0 211 0 424 1
1 161 3 274 2
0 11 2 244 1
0 194 0 346 1
0 377 2 126 0
1 369 1 385 1
0 249 0 342 1
0 303 2 425 1
1 289 0 183 2
1 115 0 177 1
1 165 2 27 3
0 334 0 32 3
1 374 0 486 0
1 116 3 32 1
0 301 2 444 0
0 129 3 148 2
1 229 3 307 0
0 302 2 183 2
1 428 0 185 2
0 31 2 499 3
1 151 0 254 3
0 322 0 207 3
0 324 0 409 0
1 227 2 103 2
0 469 3 384 2
1 364 1 488 3
0 411 2 20 1
1 424 0 241 0
1 327 0 67 0
0 228 3 78 0
0 402 1 121 2
1 78 2 401 2
1 205 2 435 2
1 100 2 243 1
0 258 0 443 2
0 235 2 276 2
0 206 0 95 3
1 107 1 209 0
0 427 1 62 2
1 113 3 294 1
0 428 3 29 3
1 489 3 348 1
1 438 3 45 2
0 252 1 464 2
1 344 1 66 2
1 358 3 418 0
0 279 0 344 0
0 137 1 171 1
1 148 0 442 1
0 297 2 451 1
0 304 1 1 2
1 104 0 86 3
0 167 2 221 3
0 81 0 315 0
1 114 2 367 2
0 296 3 210 0
0 8 3 255 0
0 226 1 130 1
1 318 0 11 0
0 304 2 8 1
1 327 3 335 2
1 293 2 64 3
0 179 3 378 2
1 204 0 292 2
0 82 0 262 1
1 72 2 95 3
1 207 3 448 0
1 367 1 334 1
0 122 0 398 3
1 64 0 484 3
0 470 2 484 0
1 282 0 217 1
1 356 1 210 0
1 111 3 14 1
0 406 0 153 0
1 136 0 244 0
0 124 2 414 1
0 105 3 34 2
0 65 2 113 3
0 463 3 61 1
0 389 0 160 2
0 128 3 409 0
1 9 0 150 3
1 28 0 404 3
1 114 2 367 2
0 296 3 210 0
0 8 3 255 0
0 226 1 130 1
1 318 0 11 0
0 304 2 8 1
1 327 3 335 2
1 293 2 64 3
0 179 3 378 2
1 204 0 292 2
1 114 2 367 2
0 296 3 210 0
0 8 3 255 0
0 226 1 130 1
1 318 0 11 0
0 304 2 8 1
1 327 3 335 2
1 293 2 64 3
0 179 3 378 2
1 204 0 292 2
1 114 2 367 2
0 296 3 210 0
0 8 3 255 0
0 226 1 130 1
1 318 0 11 0
0 304 2 8 1
1 327 3 335 2
1 293 2 64 3
0 179 3 378 2
1 204 0 292 2
1 114 2 367 2
0 296 3 210 0
0 8 3 255 0
0 226 1 130 1
1 318 0 11 0
0 304 2 8 1
1 327 3 335 2
1 293 2 64 3
0 179 3 378 2
1 204 0 292 2
0 81 0 232 2
0 270 1 495 3
1 383 0 427 0
1 467 0 350 0
0 205 1 448 3
0 110 0 96 2
1 150 3 483 2
0 91 0 207 2
1 398 2 260 1
0 227 1 94 1
1 342 2 315 2
0 31 0 282 0
1 285 2 270 0
1 116 0 17 0
0 205 2 472 1
0 42 0 249 0
1 474 2 459 1
1 153 1 429 3
1 400 0 431 3
1 444 3 109 2
1 114 2 367 2
0 296 3 210 0
0 8 3 255 0
0 226 1 130 1
1 318 0 11 0
0 304 2 8 1
1 327 3 335 2
1 293 2 64 3
0 179 3 378 2
1 204 0 292 2
1 259 3 242 0
0 346 2 232 3
1 57 1 149 0
1 474 2 236 0
1 389 0 234 0
1 131 1 23 0
1 190 3 302 0
1 490 2 414 2
1 233 3 147 2
1 210 1 373 2
1 35 3 473 1
1 357 0 124 0
0 407 2 343 1
1 131 3 485 1
1 211 2 108 2
0 108 0 221 1
0 38 0 53 0
1 60 1 241 1
1 233 0 171 1
0 26 0 57 0
1 183 3 87 3
1 451 3 353 1
1 71 3 305 0
1 295 0 148 0
1 249 2 166 1
1 172 3 463 1
1 272 0 90 3
0 375 2 11 0
1 300 3 103 2
1 30 1 312 3
1 385 0 115 3
1 18 3 353 1
1 368 1 273 3
0 33 2 183 1
1 222 1 418 1
1 46 0 408 2
1 402 3 315 1
1 369 0 278 2
1 435 2 31 1
1 199 2 440 2
1 114 2 367 2
0 296 3 210 0
0 8 3 255 0
0 226 1 130 1
1 318 0 11 0
0 304 2 8 1
1 327 3 335 2
1 293 2 64 3
0 179 3 378 2
1 204 0 292 2
1 114 2 367 2
0 296 3 210 0
0 8 3 255 0
0 226 1 130 1
1 318 0 11 0
0 304 2 8 1
1 327 3 335 2
1 293 2 64 3
0 179 3 378 2
1 204 0 292 2
1 114 2 367 2
0 296 3 210 0
0 8 3 255 0
0 226 1 130 1
1 318 0 11 0
0 304 2 8 1
1 327 3 335 2
1 293 2 64 3
0 179 3 378 2
1 204 0 292 2
1 114 2 367 2
0 296 3 210 0
0 8 3 255 0
0 226 1 130 1
1 318 0 11 0
0 304 2 8 1
1 327 3 335 2
1 293 2 64 3
0 179 3 378 2
1 204 0 292 2
1 114 2 367 2
0 296 3 210 0
0 8 3 255 0
0 226 1 130 1
1 318 0 11 0
0 304 2 8 1
1 327 3 335 2
1 293 2 64 3
0 179 3 378 2
1 204 0 292 2
1 355 1 189 1
0 344 3 490 1
1 377 3 329 1
0 180 2 264 2
0 338 2 430 1
1 36 0 401 0
1 393 3 316 2
0 450 2 480 1
1 361 2 390 2
1 119 2 481 3
1 114 2 367 2
0 296 3 210 0
0 8 3 255 0
0 226 1 130 1
1 318 0 11 0
0 304 2 8 1
1 327 3 335 2
1 293 2 64 3
0 179 3 378 2
1 204 0 292 2
1 114 2 367 2
0 296 3 210 0
0 8 3 255 0
0 226 1 130 1
1 318 0 11 0
0 304 2 8 1
1 327 3 335 2
1 293 2 64 3
0 179 3 378 2
1 204 0 292 2
1 469 1 427 0
0 234 0 419 3
0 278 0 299 2
0 107 0 241 3
1 124 1 212 3
1 279 2 362 1
1 395 2 499 2
0 497 0 474 0
1 90 2 276 1
0 238 1 37 3
0 78 0 385 2
1 377 2 13 3
1 86 2 469 1
0 156 3 420 2
1 167 1 250 3
0 390 2 15 3
1 452 2 321 1
0 496 2 126 1
1 13 0 199 3
1 211 3 172 3
1 376 3 398 2
0 65 0 480 0
0 346 0 210 3
0 62 0 492 1
1 206 2 29 1
1 267 1 28 3
0 2 3 455 0
1 254 1 14 2
0 14 0 282 0
0 208 2 320 1
1 114 2 367 2
0 296 3 210 0
0 8 3 255 0
0 226 1 130 1
1 318 0 11 0
0 304 2 8 1
1 327 3 335 2
1 293 2 64 3
0 179 3 378 2
1 204 0 292 2
1 114 2 367 2
0 296 3 210 0
0 8 3 255 0
0 226 1 130 1
1 318 0 11 0
0 304 2 8 1
1 327 3 335 2
1 293 2 64 3
0 179 3 378 2
1 204 0 292 2
1 114 2 367 2
0 296 3 210 0
0 8 3 255 0
0 226 1 130 1
1 318 0 11 0
0 304 2 8 1
1 327 3 335 2
1 293 2 64 3
0 179 3 378 2
1 204 0 292 2
1 49 3 234 3
0 123 2 133 0
1 438 2 157 1
0 302 3 224 0
0 122 2 370 0
0 174 1 101 2
0 280 0 277 2
1 293 2 25 3
0 14 1 0 3
0 258 2 314 2
1 114 2 367 2
0 296 3 210 0
0 8 3 255 0
0 226 1 130 1
1 318 0 11 0
0 304 2 8 1
1 327 3 335 2
1 293 2 64 3
0 179 3 378 2
1 204 0 292 2
1 114 2 367 2
0 296 3 210 0
0 8 3 255 0
0 226 1 130 1
1 318 0 11 0
0 304 2 8 1
1 327 3 335 2
1 293 2 64 3
0 179 3 378 2
1 204 0 292 2
1 114 2 367 2
0 296 3 210 0
0 8 3 255 0
0 226 1 130 1
1 318 0 11 0
0 304 2 8 1
1 327 3 335 2
1 293 2 64 3
0 179 3 378 2
1 204 0 292 2
0 252 0 233 2
1 343 1 30 0
1 400 1 391 1
1 218 2 285 3
1 131 2 170 3
1 133 2 163 3
0 362 3 237 3
1 154 2 322 0
1 318 0 16 1
1 311 0 139 1
1 241 0 189 3
0 175 0 158 2
1 438 0 98 3
1 124 1 346 2
1 285 0 153 1
0 118 0 458 2
1 185 3 198 3
0 262 2 11 0
0 58 2 201 1
0 404 1 419 2
1 114 2 367 2
0 296 3 210 0
0 8 3 255 0
0 226 1 130 1
1 318 0 11 0
0 304 2 8 1
1 327 3 335 2
1 293 2 64 3
0 179 3 378 2
1 204 0 292 2
1 114 2 367 2
0 296 3 210 0
0 8 3 255 0
0 226 1 130 1
1 318 0 11 0
0 304 2 8 1
1 327 3 335 2
1 293 2 64 3
0 179 3 378 2
1 204 0 292 2
1 114 2 367 2
0 296 3 210 0
0 8 3 255 0
0 226 1 130 1
1 318 0 11 0
0 304 2 8 1
1 327 3 335 2
1 293 2 64 3
0 179 3 378 2
1 204 0 292 2
1 285 3 48 2
0 226 1 357 0
1 474 1 222 0
0 336 2 54 3
0 499 2 121 0
1 211 0 252 2
1 183 3 446 3
0 339 1 467 0
1 338 2 271 0
1 71 0 481 2
0 40 1 206 1
1 325 0 337 1
0 248 0 122 3
0 180 2 5 3
0 203 1 456 2
1 151 1 145 1
1 93 1 204 3
0 85 0 262 3
1 468 3 18 2
0 214 2 308 3
1 114 2 367 2
0 296 3 210 0
0 8 3 255 0
0 226 1 130 1
1 318 0 11 0
0 304 2 8 1
1 327 3 335 2
1 293 2 64 3
0 179 3 378 2
1 204 0 292 2
1 94 2 106 3
0 3 2 350 1
1 225 2 416 2
0 306 3 222 0
0 128 1 370 2
1 292 0 102 1
1 371 3 410 2
0 362 1 209 0
0 452 2 225 1
0 471 3 291 1
0 286 1 189 0
1 20 0 235 2
1 19 2 153 1
0 455 3 157 0
0 492 1 146 1
0 70 0 421 1
1 221 3 259 2
1 282 3 308 2
1 61 1 455 2
0 483 2 461 1
1 114 2 367 2
0 296 3 210 0
0 8 3 255 0
0 226 1 130 1
1 318 0 11 0
0 304 2 8 1
1 327 3 335 2
1 293 2 64 3
0 179 3 378 2
1 204 0 292 2
1 114 2 367 2
0 296 3 210 0
0 8 3 255 0
0 226 1 130 1
1 318 0 11 0
0 304 2 8 1
1 327 3 335 2
1 293 2 64 3
0 179 3 378 2
1 204 0 292 2
0 169 1 211 3
0 253 1 94 3
1 31 0 98 2
1 106 1 146 2
1 107 3 480 3
0 150 2 416 3
1 306 1 376 2
0 430 3 38 0
0 137 0 47 3
0 58 1 475 0
1 114 2 367 2
0 296 3 210 0
0 8 3 255 0
0 226 1 130 1
1 318 0 11 0
0 304 2 8 1
1 327 3 335 2
1 293 2 64 3
0 179 3 378 2
1 204 0 292 2
1 418 3 139 2
0 33 0 477 1
0 368 3 497 1
1 297 3 249 3
0 399 0 16 2
0 418 0 161 2
0 473 0 76 0
1 154 1 315 3
0 31 0 405 0
1 383 2 32 0
1 114 2 367 2
0 296 3 210 0
0 8 3 255 0
0 226 1 130 1
1 318 0 11 0
0 304 2 8 1
1 327 3 335 2
1 293 2 64 3
0 179 3 378 2
1 204 0 292 2
1 114 2 367 2
0 296 3 210 0
0 8 3 255 0
0 226 1 130 1
1 318 0 11 0
0 304 2 8 1
1 327 3 335 2
1 293 2 64 3
0 179 3 378 2
1 204 0 292 2
1 140 3 190 0
0 306 3 186 3
1 247 0 189 3
0 104 1 401 0
1 199 3 221 1
0 374 0 362 2
0 375 3 59 1
1 241 3 482 0
1 7 3 335 1
0 240 1 383 1
1 400 1 81 1
0 265 3 194 3
0 222 2 449 1
0 4 3 347 3
1 242 2 182 2
1 236 2 401 3
1 178 0 60 3
1 414 0 489 0
1 391 2 6 0
0 130 0 191 1
1 114 2 367 2
0 296 3 210 0
0 8 3 255 0
0 226 1 130 1
1 318 0 11 0
0 304 2 8 1
1 327 3 335 2
1 293 2 64 3
0 179 3 378 2
1 204 0 292 2
1 346 0 86 0
0 333 0 172 2
1 187 1 107 0
0 101 2 401 2
1 52 1 9 2
1 177 0 73 0
0 313 2 442 3
0 444 0 62 0
1 298 3 140 1
1 16 2 122 1
0 301 2 133 2
0 158 0 421 0
0 291 1 127 1
0 73 1 288 0
1 163 2 300 3
1 408 0 402 2
1 202 3 263 0
1 144 2 37 1
0 98 0 31 1
1 235 2 322 0
1 114 2 367 2
0 296 3 210 0
0 8 3 255 0
0 226 1 130 1
1 318 0 11 0
0 304 2 8 1
1 327 3 335 2
1 293 2 64 3
0 179 3 378 2
1 204 0 292 2
0 467 3 72 3
1 116 3 219 2
1 160 0 444 0
0 142 0 107 3
1 389 1 249 1
0 394 0 357 0
0 495 3 276 0
0 323 0 182 2
0 443 2 182 0
0 443 2 454 2
1 143 3 43 0
0 249 2 277 2
0 13 2 241 1
0 396 0 466 2
0 76 1 117 2
1 151 1 495 2
1 409 1 247 0
0 15 1 484 0
0 191 2 22 0
1 100 0 116 2
0 326 2 188 3
0 301 3 306 1
1 261 2 154 0
0 0 0 267 1
0 483 0 30 1
0 330 1 493 2
1 307 0 165 3
0 270 1 71 0
0 476 1 208 2
0 422 3 482 1
0 354 1 348 1
0 160 3 284 1
1 307 1 341 1
0 465 3 161 0
1 311 0 268 3
1 22 1 330 0
1 150 3 156 2
0 186 2 311 2
0 176 2 33 1
1 45 3 254 3
1 481 2 88 1
0 435 0 183 1
0 166 3 487 2
1 83 1 331 2
1 199 2 165 0
0 472 2 479 2
1 202 3 59 2
1 449 1 285 1
0 265 3 313 1
0 282 0 335 2
1 114 2 367 2
0 296 3 210 0
0 8 3 255 0
0 226 1 130 1
1 318 0 11 0
0 304 2 8 1
1 327 3 335 2
1 293 2 64 3
0 179 3 378 2
1 204 0 292 2
1 370 1 357 0
0 1 0 84 0
1 273 3 202 0
1 215 2 107 0
1 153 2 418 3
1 244 1 411 3
1 346 2 381 0
0 483 1 50 3
0 341 0 129 0
0 10 3 362 1
1 114 2 367 2
0 296 3 210 0
0 8 3 255 0
0 226 1 130 1
1 318 0 11 0
0 304 2 8 1
1 327 3 335 2
1 293 2 64 3
0 179 3 378 2
1 204 0 292 2
0 481 3 82 0
0 305 0 339 0
0 55 3 82 0
1 272 3 28 2
0 122 0 86 3
0 314 2 23 1
1 487 2 206 1
0 296 2 259 0
1 187 3 210 1
1 181 1 454 1
1 114 2 367 2
0 296 3 210 0
0 8 3 255 0
0 226 1 130 1
1 318 0 11 0
0 304 2 8 1
1 327 3 335 2
1 293 2 64 3
0 179 3 378 2
1 204 0 292 2
1 114 2 367 2
0 296 3 210 0
0 8 3 255 0
0 226 1 130 1
1 318 0 11 0
0 304 2 8 1
1 327 3 335 2
1 293 2 64 3
0 179 3 378 2
1 204 0 292 2
1 496 0 287 2
1 51 0 253 3
1 337 2 436 3
0 198 0 414 1
0 61 0 371 3
1 202 0 362 0
0 134 0 402 1
0 41 1 390 3
0 316 0 222 0
1 410 2 367 1
0 195 2 256 2
0 374 0 166 0
0 384 2 336 2
0 478 0 377 1
1 333 1 163 3
1 190 2 443 2
1 203 1 85 0
0 447 2 144 2
0 125 2 53 1
1 253 0 373 2
1 114 2 367 2
0 296 3 210 0
0 8 3 255 0
0 226 1 130 1
1 318 0 11 0
0 304 2 8 1
1 327 3 335 2
1 293 2 64 3
0 179 3 378 2
1 204 0 292 2
1 114 2 367 2
0 296 3 210 0
0 8 3 255 0
0 226 1 130 1
1 318 0 11 0
0 304 2 8 1
1 327 3 335 2
1 293 2 64 3
0 179 3 378 2
1 204 0 292 2
1 114 2 367 2
0 296 3 210 0
0 8 3 255 0
0 226 1 130 1
1 318 0 11 0
0 304 2 8 1
1 327 3 335 2
1 293 2 64 3
0 179 3 378 2
1 204 0 292 2
1 114 2 367 2
0 296 3 210 0
0 8 3 255 0
0 226 1 130 1
1 318 0 11 0
0 304 2 8 1
1 327 3 335 2
1 293 2 64 3
0 179 3 378 2
1 204 0 292 2
1 52 3 50 3
0 191 1 188 2
1 183 2 421 1
0 445 0 392 1
0 370 2 237 3
0 78 0 376 3
0 389 3 325 3
0 196 2 327 0
0 495 0 158 0
1 12 1 257 0
0 144 3 425 1
0 157 3 135 1
0 497 2 117 3
1 39 3 343 2
1 459 1 175 2
1 364 2 46 2
1 53 2 70 2
1 176 3 310 3
0 72 1 294 1
0 155 0 355 2
1 114 2 367 2
0 296 3 210 0
0 8 3 255 0
0 226 1 130 1
1 318 0 11 0
0 304 2 8 1
1 327 3 335 2
1 293 2 64 3
0 179 3 378 2
1 204 0 292 2
1 114 2 367 2
0 296 3 210 0
0 8 3 255 0
0 226 1 130 1
1 318 0 11 0
0 304 2 8 1
1 327 3 335 2
1 293 2 64 3
0 179 3 378 2
1 204 0 292 2
1 114 2 367 2
0 296 3 210 0
0 8 3 255 0
0 226 1 130 1
1 318 0 11 0
0 304 2 8 1
1 327 3 335 2
1 293 2 64 3
0 179 3 378 2
1 204 0 292 2
1 114 2 367 2
0 296 3 210 0
0 8 3 255 0
0 226 1 130 1
1 318 0 11 0
0 304 2 8 1
1 327 3 335 2
1 293 2 64 3
0 179 3 378 2
1 204 0 292 2
0 110 1 160 2
1 493 2 114 0
0 205 1 446 3
1 445 3 58 3
1 430 3 128 0
0 464 3 300 3
1 247 1 242 3
1 374 0 218 0
0 194 1 237 1
0 160 2 179 2
0 146 0 77 2
0 298 2 455 2
1 388 1 191 3
0 258 1 413 0
1 57 3 242 3
0 118 3 102 1
0 0 0 230 2
0 307 0 365 2
0 478 3 228 1
0 36 0 491 1
0 188 3 427 2
0 443 0 313 2
1 43 2 141 2
0 416 1 260 1
1 439 3 50 3
1 36 3 413 3
1 169 3 216 1
1 222 0 397 3
0 95 3 41 0
1 221 0 342 2
1 114 2 367 2
0 296 3 210 0
0 8 3 255 0
0 226 1 130 1
1 318 0 11 0
0 304 2 8 1
1 327 3 335 2
1 293 2 64 3
0 179 3 378 2
1 204 0 292 2
1 114 2 367 2
0 296 3 210 0
0 8 3 255 0
0 226 1 130 1
1 318 0 11 0
0 304 2 8 1
1 327 3 335 2
1 293 2 64 3
0 179 3 378 2
1 204 0 292 2
1 241 1 453 0
0 438 0 51 3
0 408 0 479 0
1 329 2 270 2
0 412 1 73 1
0 482 3 118 0
1 460 1 486 1
1 130 3 94 1
0 358 2 334 1
0 360 2 321 2
1 114 2 367 2
0 296 3 210 0
0 8 3 255 0
0 226 1 130 1
1 318 0 11 0
0 304 2 8 1
1 327 3 335 2
1 293 2 64 3
0 179 3 378 2
1 204 0 292 2
1 114 2 367 2
0 296 3 210 0
0 8 3 255 0
0 226 1 130 1
1 318 0 11 0
0 304 2 8 1
1 327 3 335 2
1 293 2 64 3
0 179 3 378 2
1 204 0 292 2
1 114 2 367 2
0 296 3 210 0
0 8 3 255 0
0 226 1 130 1
1 318 0 11 0
0 304 2 8 1
1 327 3 335 2
1 293 2 64 3
0 179 3 378 2
1 204 0 292 2
1 111 2 66 0
0 180 2 79 3
0 440 3 463 2
0 377 0 431 3
1 41 1 383 3
0 154 3 37 3
1 282 2 464 0
0 164 1 196 3
0 242 3 291 1
1 167 2 221 2
1 162 3 142 2
0 365 0 454 2
1 23 0 317 3
0 495 3 117 3
0 149 1 337 0
0 150 3 129 3
1 90 2 252 1
0 119 2 484 1
0 11 0 240 0
0 476 3 347 2
0 150 3 3 3
0 345 2 199 2
1 313 1 247 1
0 31 0 8 3
1 212 2 114 0
0 106 0 85 1
0 303 3 26 2
1 266 0 285 1
0 498 2 99 2
0 157 1 84 1
1 398 1 171 0
1 82 2 166 3
1 96 3 435 2
1 82 0 281 3
0 464 1 392 3
1 440 1 93 1
0 238 3 468 1
1 1 3 461 3
1 440 0 186 3
0 463 1 35 1
0 297 1 246 1
0 61 2 401 2
1 140 0 282 0
0 421 1 53 2
1 268 2 301 2
0 95 2 211 2
1 240 3 280 2
1 108 3 99 2
0 106 2 2 0
0 360 1 275 2
1 108 2 421 1
1 323 1 259 3
1 478 3 119 2
1 88 2 216 3
0 122 1 230 1
1 192 1 250 0
1 497 0 490 2
0 331 2 103 2
1 294 0 256 1
0 73 1 396 1
1 114 2 367 2
0 296 3 210 0
0 8 3 255 0
0 226 1 130 1
1 318 0 11 0
0 304 2 8 1
1 327 3 335 2
1 293 2 64 3
0 179 3 378 2
1 204 0 292 2
0 477 0 241 3
1 478 0 78 0
0 386 1 204 0
0 98 3 442 1
1 71 0 69 3
1 99 0 467 3
1 211 0 305 1
0 46 3 488 1
0 412 3 145 0
1 345 3 298 3
1 114 2 367 2
0 296 3 210 0
0 8 3 255 0
0 226 1 130 1
1 318 0 11 0
0 304 2 8 1
1 327 3 335 2
1 293 2 64 3
0 179 3 378 2
1 204 0 292 2
1 114 2 367 2
0 296 3 210 0
0 8 3 255 0
0 226 1 130 1
1 318 0 11 0
0 304 2 8 1
1 327 3 335 2
1 293 2 64 3
0 179 3 378 2
1 204 0 292 2
0 299 2 116 0
1 230 3 289 1
0 331 0 343 0
1 79 3 53 3
0 269 3 375 2
1 114 0 218 0
1 339 3 110 3
1 499 1 102 1
0 120 0 51 3
0 468 2 495 1
1 7 2 496 2
1 148 0 21 2
0 272 1 175 2
1 458 2 458 0
1 249 1 347 0
0 307 0 95 3
0 260 2 284 1
1 45 1 245 2
1 358 3 385 1
1 454 0 307 0
1 114 2 367 2
0 296 3 210 0
0 8 3 255 0
0 226 1 130 1
1 318 0 11 0
0 304 2 8 1
1 327 3 335 2
1 293 2 64 3
0 179 3 378 2
1 204 0 292 2
0 330 1 345 1
1 46 1 286 1
0 280 1 6 0
0 255 2 267 1
0 243 3 219 0
0 145 2 496 0
0 457 3 212 2
0 377 0 1 3
1 197 3 95 0
0 457 3 378 1
1 114 2 367 2
0 296 3 210 0
0 8 3 255 0
0 226 1 130 1
1 318 0 11 0
0 304 2 8 1
1 327 3 335 2
1 293 2 64 3
0 179 3 378 2
1 204 0 292 2
1 114 2 367 2
0 296 3 210 0
0 8 3 255 0
0 226 1 130 1
1 318 0 11 0
0 304 2 8 1
1 327 3 335 2
1 293 2 64 3
0 179 3 378 2
1 204 0 292 2
1 114 2 367 2
0 296 3 210 0
0 8 3 255 0
0 226 1 130 1
1 318 0 11 0
0 304 2 8 1
1 327 3 335 2
1 293 2 64 3
0 179 3 378 2
1 204 0 292 2
1 114 2 367 2
0 296 3 210 0
0 8 3 255 0
0 226 1 130 1
1 318 0 11 0
0 304 2 8 1
1 327 3 335 2
1 293 2 64 3
0 179 3 378 2
1 204 0 292 2
1 114 2 367 2
0 296 3 210 0
0 8 3 255 0
0 226 1 130 1
1 318 0 11 0
0 304 2 8 1
1 327 3 335 2
1 293 2 64 3
0 179 3 378 2
1 204 0 292 2
1 114 2 367 2
0 296 3 210 0
0 8 3 255 0
0 226 1 130 1
1 318 0 11 0
0 304 2 8 1
1 327 3 335 2
1 293 2 64 3
0 179 3 378 2
1 204 0 292 2
0 258 0 227 2
0 176 3 382 0
1 80 1 62 0
0 79 2 484 0
1 178 2 37 1
0 453 2 497 3
1 14 1 127 1
1 427 1 98 1
0 378 2 275 0
0 411 3 112 0
1 114 2 367 2
0 296 3 210 0
0 8 3 255 0
0 226 1 130 1
1 318 0 11 0
0 304 2 8 1
1 327 3 335 2
1 293 2 64 3
0 179 3 378 2
1 204 0 292 2
1 114 2 367 2
0 296 3 210 0
0 8 3 255 0
0 226 1 130 1
1 318 0 11 0
0 304 2 8 1
1 327 3 335 2
1 293 2 64 3
0 179 3 378 2
1 204 0 292 2
1 114 2 367 2
0 296 3 210 0
0 8 3 255 0
0 226 1 130 1
1 318 0 11 0
0 304 2 8 1
1 327 3 335 2
1 293 2 64 3
0 179 3 378 2
1 204 0 292 2
0 2 2 434 3
1 120 0 485 1
1 145 3 320 0
1 444 0 346 2
1 140 0 307 0
1 46 3 288 2
1 92 0 409 2
1 312 2 303 2
0 182 3 155 3
1 232 3 175 3
1 241 3 318 0
1 235 2 371 3
1 2 0 173 0
0 281 0 49 0
0 221 3 373 0
0 145 1 273 0
0 318 1 111 0
0 451 3 112 2
1 273 0 419 3
0 469 0 369 2
0 447 3 431 1
0 53 2 281 2
0 321 1 256 0
1 422 3 413 2
1 364 0 142 3
1 286 0 335 3
1 499 3 418 3
0 238 0 298 3
1 140 0 364 0
1 53 2 416 2
1 30 2 217 0
1 324 2 274 3
0 101 2 125 3
1 253 2 130 3
1 497 3 378 1
0 59 2 110 3
1 167 1 267 0
1 85 0 396 3
1 66 0 286 3
1 79 0 145 1
1 114 2 367 2
0 296 3 210 0
0 8 3 255 0
0 226 1 130 1
1 318 0 11 0
0 304 2 8 1
1 327 3 335 2
1 293 2 64 3
0 179 3 378 2
1 204 0 292 2
1 114 2 367 2
0 296 3 210 0
0 8 3 255 0
0 226 1 130 1
1 318 0 11 0
0 304 2 8 1
1 327 3 335 2
1 293 2 64 3
0 179 3 378 2
1 204 0 292 2
1 114 2 367 2
0 296 3 210 0
0 8 3 255 0
0 226 1 130 1
1 318 0 11 0
0 304 2 8 1
1 327 3 335 2
1 293 2 64 3
0 179 3 378 2
1 204 0 292 2
1 479 2 94 1
1 34 0 242 1
1 327 0 305 2
1 38 3 165 2
0 89 0 406 3
1 90 2 395 3
0 446 2 130 1
1 254 3 43 0
0 139 3 293 0
1 46 2 301 3
1 114 2 367 2
0 296 3 210 0
0 8 3 255 0
0 226 1 130 1
1 318 0 11 0
0 304 2 8 1
1 327 3 335 2
1 293 2 64 3
0 179 3 378 2
1 204 0 292 2
1 114 2 367 2
0 296 3 210 0
0 8 3 255 0
0 226 1 130 1
1 318 0 11 0
0 304 2 8 1
1 327 3 335 2
1 293 2 64 3
0 179 3 378 2
1 204 0 292 2
1 114 2 367 2
0 296 3 210 0
0 8 3 255 0
0 226 1 130 1
1 318 0 11 0
0 304 2 8 1
1 327 3 335 2
1 293 2 64 3
0 179 3 378 2
1 204 0 292 2
1 114 2 367 2
0 296 3 210 0
0 8 3 255 0
0 226 1 130 1
1 318 0 11 0
0 304 2 8 1
1 327 3 335 2
1 293 2 64 3
0 179 3 378 2
1 204 0 292 2
1 114 2 367 2
0 296 3 210 0
0 8 3 255 0
0 226 1 130 1
1 318 0 11 0
0 304 2 8 1
1 327 3 335 2
1 293 2 64 3
0 179 3 378 2
1 204 0 292 2
1 114 2 367 2
0 296 3 210 0
0 8 3 255 0
0 226 1 130 1
1 318 0 11 0
0 304 2 8 1
1 327 3 335 2
1 293 2 64 3
0 179 3 378 2
1 204 0 292 2
1 114 2 367 2
0 296 3 210 0
0 8 3 255 0
0 226 1 130 1
1 318 0 11 0
0 304 2 8 1
1 327 3 335 2
1 293 2 64 3
0 179 3 378 2
1 204 0 292 2
1 43 0 177 2
1 425 0 334 0
1 54 3 46 0
0 321 2 439 1
0 216 0 165 1
0 435 3 486 0
0 459 3 271 1
1 298 2 325 0
0 157 2 205 3
1 217 0 217 1
1 114 2 367 2
0 296 3 210 0
0 8 3 255 0
0 226 1 130 1
1 318 0 11 0
0 304 2 8 1
1 327 3 335 2
1 293 2 64 3
0 179 3 378 2
1 204 0 292 2
1 208 1 449 1
0 249 0 141 0
0 259 3 380 2
0 165 1 450 3
1 37 0 408 2
1 335 0 79 0
1 173 0 342 2
0 76 0 350 1
0 99 0 211 3
1 248 0 244 2
1 113 3 339 1
0 394 0 290 2
1 259 3 281 1
1 471 1 197 2
0 9 1 426 1
0 137 1 100 1
1 292 3 459 3
0 289 2 485 3
0 154 2 55 3
1 176 3 172 2
1 114 2 367 2
0 296 3 210 0
0 8 3 255 0
0 226 1 130 1
1 318 0 11 0
0 304 2 8 1
1 327 3 335 2
1 293 2 64 3
0 179 3 378 2
1 204 0 292 2
1 114 2 367 2
0 296 3 210 0
0 8 3 255 0
0 226 1 130 1
1 318 0 11 0
0 304 2 8 1
1 327 3 335 2
1 293 2 64 3
0 179 3 378 2
1 204 0 292 2
1 270 3 354 0
0 310 2 129 2
1 353 2 470 0
0 395 1 120 0
0 324 2 222 3
1 217 3 432 1
1 13 3 369 3
1 29 1 393 3
0 165 0 50 3
0 440 2 129 0
0 13 0 352 3
1 26 0 227 2
1 212 0 204 1
1 263 3 129 1
0 273 2 190 3
1 218 0 44 3
0 10 0 265 3
1 84 1 103 3
1 148 0 79 0
1 327 3 272 0
1 114 2 367 2
0 296 3 210 0
0 8 3 255 0
0 226 1 130 1
1 318 0 11 0
0 304 2 8 1
1 327 3 335 2
1 293 2 64 3
0 179 3 378 2
1 204 0 292 2
1 114 2 367 2
0 296 3 210 0
0 8 3 255 0
0 226 1 130 1
1 318 0 11 0
0 304 2 8 1
1 327 3 335 2
1 293 2 64 3
0 179 3 378 2
1 204 0 292 2
0 98 1 2 0
0 164 2 372 0
1 401 2 121 2
1 420 2 230 3
0 486 3 142 1
1 303 0 251 0
0 79 2 281 2
1 38 2 25 2
0 83 3 432 0
1 422 1 432 0
0 50 2 432 0
0 363 3 300 2
1 353 2 450 2
0 117 0 430 2
1 440 1 246 0
0 428 2 111 0
1 315 2 141 3
0 49 3 5 2
1 281 3 327 3
1 159 0 66 1
1 114 2 367 2
0 296 3 210 0
0 8 3 255 0
0 226 1 130 1
1 318 0 11 0
0 304 2 8 1
1 327 3 335 2
1 293 2 64 3
0 179 3 378 2
1 204 0 292 2
1 114 2 367 2
0 296 3 210 0
0 8 3 255 0
0 226 1 130 1
1 318 0 11 0
0 304 2 8 1
1 327 3 335 2
1 293 2 64 3
0 179 3 378 2
1 204 0 292 2
1 114 2 367 2
0 296 3 210 0
0 8 3 255 0
0 226 1 130 1
1 318 0 11 0
0 304 2 8 1
1 327 3 335 2
1 293 2 64 3
0 179 3 378 2
1 204 0 292 2
1 114 2 367 2
0 296 3 210 0
0 8 3 255 0
0 226 1 130 1
1 318 0 11 0
0 304 2 8 1
1 327 3 335 2
1 293 2 64 3
0 179 3 378 2
1 204 0 292 2
1 114 2 367 2
0 296 3 210 0
0 8 3 255 0
0 226 1 130 1
1 318 0 11 0
0 304 2 8 1
1 327 3 335 2
1 293 2 64 3
0 179 3 378 2
1 204 0 292 2
0 353 1 272 3
0 406 3 104 1
1 255 0 205 1
0 11 2 99 1
0 380 2 55 0
1 449 3 285 3
1 479 0 42 3
1 0 1 51 1
0 494 0 267 0
1 255 3 408 2
0 408 2 82 0
0 167 1 218 0
0 27 0 352 1
1 23 2 249 2
1 331 1 91 2
1 53 1 36 1
1 321 1 350 3
1 348 3 6 2
1 138 1 307 2
1 47 2 141 0
1 114 2 367 2
0 296 3 210 0
0 8 3 255 0
0 226 1 130 1
1 318 0 11 0
0 304 2 8 1
1 327 3 335 2
1 293 2 64 3
0 179 3 378 2
1 204 0 292 2
0 372 3 269 3
0 242 0 283 3
1 47 0 459 1
1 200 1 130 3
0 6 1 109 1
0 328 0 462 1
0 458 1 488 0
1 66 2 81 1
1 467 0 257 2
1 317 2 95 3
1 111 1 291 0
1 183 1 183 1
0 44 3 268 0
1 129 2 358 2
1 163 1 252 1
1 101 2 342 0
1 83 3 343 2
0 314 1 133 1
0 355 1 362 3
1 397 0 375 3
1 114 2 367 2
0 296 3 210 0
0 8 3 255 0
0 226 1 130 1
1 318 0 11 0
0 304 2 8 1
1 327 3 335 2
1 293 2 64 3
0 179 3 378 2
1 204 0 292 2
1 379 3 252 3
0 264 0 486 2
1 23 1 292 2
0 24 0 325 1
0 232 1 275 2
0 53 3 149 0
1 20 3 426 0
0 322 0 431 0
0 64 3 240 0
0 8 1 286 1
0 20 1 459 0
1 152 1 59 1
1 362 1 345 0
1 191 2 390 2
0 88 2 157 0
1 411 0 332 2
0 74 2 439 2
0 155 2 123 2
1 309 0 68 2
0 217 1 382 3
1 114 2 367 2
0 296 3 210 0
0 8 3 255 0
0 226 1 130 1
1 318 0 11 0
0 304 2 8 1
1 327 3 335 2
1 293 2 64 3
0 179 3 378 2
1 204 0 292 2
1 114 2 367 2
0 296 3 210 0
0 8 3 255 0
0 226 1 130 1
1 318 0 11 0
0 304 2 8 1
1 327 3 335 2
1 293 2 64 3
0 179 3 378 2
1 204 0 292 2
1 114 2 367 2
0 296 3 210 0
0 8 3 255 0
0 226 1 130 1
1 318 0 11 0
0 304 2 8 1
1 327 3 335 2
1 293 2 64 3
0 179 3 378 2
1 204 0 292 2
1 114 2 367 2
0 296 3 210 0
0 8 3 255 0
0 226 1 130 1
1 318 0 11 0
0 304 2 8 1
1 327 3 335 2
1 293 2 64 3
0 179 3 378 2
1 204 0 292 2
0 356 0 210 1
0 457 1 65 1
1 87 0 397 2
0 320 1 492 3
1 35 0 231 3
0 3 0 160 1
0 480 1 180 2
1 56 0 384 1
1 211 0 357 0
1 311 0 176 3
0 480 2 32 3
1 495 3 22 3
0 154 3 250 2
1 209 2 29 1
0 23 0 128 0
0 419 0 101 0
1 29 0 446 1
1 443 0 206 1
1 363 3 254 1
1 284 2 104 1
1 172 0 127 0
1 95 0 317 0
0 220 1 96 2
1 235 2 103 2
1 371 1 455 1
0 316 1 148 0
1 267 0 319 2
1 92 1 317 1
0 337 2 467 1
0 310 0 314 2
0 446 1 175 1
0 149 1 228 1
0 359 0 286 2
0 31 3 152 0
0 190 1 70 1
0 423 0 343 1
0 9 3 427 1
0 393 2 358 1
0 200 0 400 2
1 211 2 338 3
1 114 2 367 2
0 296 3 210 0
0 8 3 255 0
0 226 1 130 1
1 318 0 11 0
0 304 2 8 1
1 327 3 335 2
1 293 2 64 3
0 179 3 378 2
1 204 0 292 2
1 114 2 367 2
0 296 3 210 0
0 8 3 255 0
0 226 1 130 1
1 318 0 11 0
0 304 2 8 1
1 327 3 335 2
1 293 2 64 3
0 179 3 378 2
1 204 0 292 2
1 114 2 367 2
0 296 3 210 0
0 8 3 255 0
0 226 1 130 1
1 318 0 11 0
0 304 2 8 1
1 327 3 335 2
1 293 2 64 3
0 179 3 378 2
1 204 0 292 2
1 114 2 367 2
0 296 3 210 0
0 8 3 255 0
0 226 1 130 1
1 318 0 11 0
0 304 2 8 1
1 327 3 335 2
1 293 2 64 3
0 179 3 378 2
1 204 0 292 2
1 114 2 367 2
0 296 3 210 0
0 8 3 255 0
0 226 1 130 1
1 318 0 11 0
0 304 2 8 1
1 327 3 335 2
1 293 2 64 3
0 179 3 378 2
1 204 0 292 2
1 114 2 367 2
0 296 3 210 0
0 8 3 255 0
0 226 1 130 1
1 318 0 11 0
0 304 2 8 1
1 327 3 335 2
1 293 2 64 3
0 179 3 378 2
1 204 0 292 2
1 114 2 367 2
0 296 3 210 0
0 8 3 255 0
0 226 1 130 1
1 318 0 11 0
0 304 2 8 1
1 327 3 335 2
1 293 2 64 3
0 179 3 378 2
1 204 0 292 2
0 426 1 312 1
0 134 0 438 1
1 376 3 193 3
0 481 1 62 3
0 398 3 59 3
0 274 2 100 0
1 22 2 482 2
1 396 1 159 3
0 169 3 341 2
1 217 3 324 0
1 114 2 367 2
0 296 3 210 0
0 8 3 255 0
0 226 1 130 1
1 318 0 11 0
0 304 2 8 1
1 327 3 335 2
1 293 2 64 3
0 179 3 378 2
1 204 0 292 2
1 198 2 130 1
1 360 3 43 0
1 268 3 294 2
1 33 3 194 1
0 197 2 101 2
0 172 0 271 0
0 10 3 122 1
0 304 1 96 3
0 147 0 1 1
0 374 3 69 1
1 114 2 367 2
0 296 3 210 0
0 8 3 255 0
0 226 1 130 1
1 318 0 11 0
0 304 2 8 1
1 327 3 335 2
1 293 2 64 3
0 179 3 378 2
1 204 0 292 2
1 114 2 367 2
0 296 3 210 0
0 8 3 255 0
0 226 1 130 1
1 318 0 11 0
0 304 2 8 1
1 327 3 335 2
1 293 2 64 3
0 179 3 378 2
1 204 0 292 2
1 114 2 367 2
0 296 3 210 0
0 8 3 255 0
0 226 1 130 1
1 318 0 11 0
0 304 2 8 1
1 327 3 335 2
1 293 2 64 3
0 179 3 378 2
1 204 0 292 2
1 114 2 367 2
0 296 3 210 0
0 8 3 255 0
0 226 1 130 1
1 318 0 11 0
0 304 2 8 1
1 327 3 335 2
1 293 2 64 3
0 179 3 378 2
1 204 0 292 2
0 255 2 382 1
0 310 1 264 1
0 356 0 129 3
1 489 3 438 1
0 252 1 450 1
0 169 0 205 2
1 225 2 167 3
1 323 1 140 0
1 222 0 147 3
1 84 1 262 2
1 114 2 367 2
0 296 3 210 0
0 8 3 255 0
0 226 1 130 1
1 318 0 11 0
0 304 2 8 1
1 327 3 335 2
1 293 2 64 3
0 179 3 378 2
1 204 0 292 2
0 245 3 67 3
0 446 0 212 3
1 113 1 5 0
0 412 0 106 0
0 309 3 396 0
0 24 0 23 2
0 154 3 393 1
1 126 3 499 2
1 158 0 400 3
0 88 3 392 2
0 140 3 459 1
1 289 1 407 1
1 174 3 435 3
0 218 1 264 1
0 287 0 40 3
1 124 3 319 1
0 3 1 381 2
0 397 3 459 0
0 159 2 439 2
0 36 0 91 0
1 114 2 367 2
0 296 3 210 0
0 8 3 255 0
0 226 1 130 1
1 318 0 11 0
0 304 2 8 1
1 327 3 335 2
1 293 2 64 3
0 179 3 378 2
1 204 0 292 2
1 114 2 367 2
0 296 3 210 0
0 8 3 255 0
0 226 1 130 1
1 318 0 11 0
0 304 2 8 1
1 327 3 335 2
1 293 2 64 3
0 179 3 378 2
1 204 0 292 2
1 114 2 367 2
0 296 3 210 0
0 8 3 255 0
0 226 1 130 1
1 318 0 11 0
0 304 2 8 1
1 327 3 335 2
1 293 2 64 3
0 179 3 378 2
1 204 0 292 2
1 114 2 367 2
0 296 3 210 0
0 8 3 255 0
0 226 1 130 1
1 318 0 11 0
0 304 2 8 1
1 327 3 335 2
1 293 2 64 3
0 179 3 378 2
1 204 0 292 2
1 114 2 367 2
0 296 3 210 0
0 8 3 255 0
0 226 1 130 1
1 318 0 11 0
0 304 2 8 1
1 327 3 335 2
1 293 2 64 3
0 179 3 378 2
1 204 0 292 2
1 114 2 367 2
0 296 3 210 0
0 8 3 255 0
0 226 1 130 1
1 318 0 11 0
0 304 2 8 1
1 327 3 335 2
1 293 2 64 3
0 179 3 378 2
1 204 0 292 2
1 114 2 367 2
0 296 3 210 0
0 8 3 255 0
0 226 1 130 1
1 318 0 11 0
0 304 2 8 1
1 327 3 335 2
1 293 2 64 3
0 179 3 378 2
1 204 0 292 2
1 114 2 367 2
0 296 3 210 0
0 8 3 255 0
0 226 1 130 1
1 318 0 11 0
0 304 2 8 1
1 327 3 335 2
1 293 2 64 3
0 179 3 378 2
1 204 0 292 2
1 114 2 367 2
0 296 3 210 0
0 8 3 255 0
0 226 1 130 1
1 318 0 11 0
0 304 2 8 1
1 327 3 335 2
1 293 2 64 3
0 179 3 378 2
1 204 0 292 2
1 179 3 109 3
0 1 0 105 0
1 131 3 74 1
1 121 2 92 0
0 213 3 45 0
1 443 0 405 2
0 139 2 131 0
1 461 1 481 3
1 398 2 300 1
1 289 2 325 2
1 114 2 367 2
0 296 3 210 0
0 8 3 255 0
0 226 1 130 1
1 318 0 11 0
0 304 2 8 1
1 327 3 335 2
1 293 2 64 3
0 179 3 378 2
1 204 0 292 2
0 244 3 322 1
1 63 0 196 1
0 240 0 36 0
0 322 1 162 3
0 435 2 155 0
1 70 1 325 0
1 203 0 410 1
1 66 1 365 2
0 335 2 74 0
0 282 2 412 0
1 16 0 255 3
0 134 2 345 3
0 309 3 186 3
0 171 1 37 0
1 151 3 106 1
1 184 0 345 0
0 47 1 240 2
0 208 1 286 2
0 480 3 467 2
0 212 1 276 1
1 114 2 367 2
0 296 3 210 0
0 8 3 255 0
0 226 1 130 1
1 318 0 11 0
0 304 2 8 1
1 327 3 335 2
1 293 2 64 3
0 179 3 378 2
1 204 0 292 2
1 114 2 367 2
0 296 3 210 0
0 8 3 255 0
0 226 1 130 1
1 318 0 11 0
0 304 2 8 1
1 327 3 335 2
1 293 2 64 3
0 179 3 378 2
1 204 0 292 2
1 114 2 367 2
0 296 3 210 0
0 8 3 255 0
0 226 1 130 1
1 318 0 11 0
0 304 2 8 1
1 327 3 335 2
1 293 2 64 3
0 179 3 378 2
1 204 0 292 2
1 114 2 367 2
0 296 3 210 0
0 8 3 255 0
0 226 1 130 1
1 318 0 11 0
0 304 2 8 1
1 327 3 335 2
1 293 2 64 3
0 179 3 378 2
1 204 0 292 2
1 114 2 367 2
0 296 3 210 0
0 8 3 255 0
0 226 1 130 1
1 318 0 11 0
0 304 2 8 1
1 327 3 335 2
1 293 2 64 3
0 179 3 378 2
1 204 0 292 2
1 114 2 367 2
0 296 3 210 0
0 8 3 255 0
0 226 1 130 1
1 318 0 11 0
0 304 2 8 1
1 327 3 335 2
1 293 2 64 3
0 179 3 378 2
1 204 0 292 2
1 114 2 367 2
0 296 3 210 0
0 8 3 255 0
0 226 1 130 1
1 318 0 11 0
0 304 2 8 1
1 327 3 335 2
1 293 2 64 3
0 179 3 378 2
1 204 0 292 2
1 114 2 367 2
0 296 3 210 0
0 8 3 255 0
0 226 1 130 1
1 318 0 11 0
0 304 2 8 1
1 327 3 335 2
1 293 2 64 3
0 179 3 378 2
1 204 0 292 2
1 114 2 367 2
0 296 3 210 0
0 8 3 255 0
0 226 1 130 1
1 318 0 11 0
0 304 2 8 1
1 327 3 335 2
1 293 2 64 3
0 179 3 378 2
1 204 0 292 2
1 379 1 153 1
0 452 2 42 2
0 199 1 139 3
1 480 0 140 2
0 241 3 177 0
1 315 0 307 3
0 236 3 479 1
0 309 2 182 0
0 5 3 337 0
0 188 0 46 1
1 114 2 367 2
0 296 3 210 0
0 8 3 255 0
0 226 1 130 1
1 318 0 11 0
0 304 2 8 1
1 327 3 335 2
1 293 2 64 3
0 179 3 378 2
1 204 0 292 2
1 304 2 342 1
0 311 1 403 2
0 277 3 267 0
0 428 1 290 2
1 282 3 376 3
0 71 0 236 1
1 479 2 411 1
1 41 1 108 0
1 53 1 14 0
1 463 0 303 1
1 276 0 326 1
1 438 0 19 3
1 360 2 171 3
0 131 1 17 3
1 324 0 239 3
1 272 2 65 3
1 276 0 499 3
1 211 1 285 2
0 330 3 427 2
0 459 1 379 0
0 193 0 425 0
1 242 0 497 3
0 109 0 40 0
1 249 3 488 2
0 261 0 49 0
0 115 3 407 3
1 188 0 331 1
0 175 3 232 0
0 68 1 358 0
0 453 1 117 2
1 114 2 367 2
0 296 3 210 0
0 8 3 255 0
0 226 1 130 1
1 318 0 11 0
0 304 2 8 1
1 327 3 335 2
1 293 2 64 3
0 179 3 378 2
1 204 0 292 2
1 114 2 367 2
0 296 3 210 0
0 8 3 255 0
0 226 1 130 1
1 318 0 11 0
0 304 2 8 1
1 327 3 335 2
1 293 2 64 3
0 179 3 378 2
1 204 0 292 2
1 114 2 367 2
0 296 3 210 0
0 8 3 255 0
0 226 1 130 1
1 318 0 11 0
0 304 2 8 1
1 327 3 335 2
1 293 2 64 3
0 179 3 378 2
1 204 0 292 2
1 114 2 367 2
0 296 3 210 0
0 8 3 255 0
0 226 1 130 1
1 318 0 11 0
0 304 2 8 1
1 327 3 335 2
1 293 2 64 3
0 179 3 378 2
1 204 0 292 2
1 223 3 108 0
1 30 0 446 2
1 125 2 479 0
1 155 3 2 3
0 72 0 493 3
0 439 0 274 1
0 17 0 233 1
1 180 0 349 2
0 288 3 128 3
0 71 2 395 1
1 114 2 367 2
0 296 3 210 0
0 8 3 255 0
0 226 1 130 1
1 318 0 11 0
0 304 2 8 1
1 327 3 335 2
1 293 2 64 3
0 179 3 378 2
1 204 0 292 2
1 107 1 117 1
0 34 0 313 0
1 343 1 434 1
1 43 1 163 0
0 461 0 191 1
1 103 0 73 3
1 234 2 82 0
1 363 2 304 0
0 457 3 371 3
0 26 2 262 1
1 114 2 367 2
0 296 3 210 0
0 8 3 255 0
0 226 1 130 1
1 318 0 11 0
0 304 2 8 1
1 327 3 335 2
1 293 2 64 3
0 179 3 378 2
1 204 0 292 2
0 202 2 210 1
1 361 1 103 2
0 40 1 362 3
1 126 2 111 2
0 157 3 89 0
1 242 3 269 0
0 300 2 99 2
1 190 0 356 2
0 260 2 179 3
1 404 1 203 3
1 114 2 367 2
0 296 3 210 0
0 8 3 255 0
0 226 1 130 1
1 318 0 11 0
0 304 2 8 1
1 327 3 335 2
1 293 2 64 3
0 179 3 378 2
1 204 0 292 2
1 114 2 367 2
0 296 3 210 0
0 8 3 255 0
0 226 1 130 1
1 318 0 11 0
0 304 2 8 1
1 327 3 335 2
1 293 2 64 3
0 179 3 378 2
1 204 0 292 2
1 421 0 474 3
1 309 1 164 3
1 260 3 75 3
1 230 2 465 3
0 476 3 86 3
0 452 0 423 3
1 10 1 8 1
0 265 2 453 1
1 118 1 456 1
1 198 3 7 3
1 114 2 367 2
0 296 3 210 0
0 8 3 255 0
0 226 1 130 1
1 318 0 11 0
0 304 2 8 1
1 327 3 335 2
1 293 2 64 3
0 179 3 378 2
1 204 0 292 2
1 114 2 367 2
0 296 3 210 0
0 8 3 255 0
0 226 1 130 1
1 318 0 11 0
0 304 2 8 1
1 327 3 335 2
1 293 2 64 3
0 179 3 378 2
1 204 0 292 2
1 114 2 367 2
0 296 3 210 0
0 8 3 255 0
0 226 1 130 1
1 318 0 11 0
0 304 2 8 1
1 327 3 335 2
1 293 2 64 3
0 179 3 378 2
1 204 0 292 2
1 114 2 367 2
0 296 3 210 0
0 8 3 255 0
0 226 1 130 1
1 318 0 11 0
0 304 2 8 1
1 327 3 335 2
1 293 2 64 3
0 179 3 378 2
1 204 0 292 2
1 114 2 367 2
0 296 3 210 0
0 8 3 255 0
0 226 1 130 1
1 318 0 11 0
0 304 2 8 1
1 327 3 335 2
1 293 2 64 3
0 179 3 378 2
1 204 0 292 2
1 114 2 367 2
0 296 3 210 0
0 8 3 255 0
0 226 1 130 1
1 318 0 11 0
0 304 2 8 1
1 327 3 335 2
1 293 2 64 3
0 179 3 378 2
1 204 0 292 2
1 114 2 367 2
0 296 3 210 0
0 8 3 255 0
0 226 1 130 1
1 318 0 11 0
0 304 2 8 1
1 327 3 335 2
1 293 2 64 3
0 179 3 378 2
1 204 0 292 2
0 407 3 210 1
1 32 1 411 0
1 394 2 438 2
1 434 3 154 3
0 231 1 194 0
0 299 2 177 2
1 40 1 245 2
0 244 2 412 3
0 69 1 261 3
0 268 1 323 2
0 476 2 93 2
0 495 1 284 0
1 37 0 396 2
0 10 2 97 2
1 391 3 287 0
0 91 1 347 2
1 231 2 405 0
0 451 3 437 3
0 268 1 112 0
1 427 3 490 0
1 114 2 367 2
0 296 3 210 0
0 8 3 255 0
0 226 1 130 1
1 318 0 11 0
0 304 2 8 1
1 327 3 335 2
1 293 2 64 3
0 179 3 378 2
1 204 0 292 2
1 114 2 367 2
0 296 3 210 0
0 8 3 255 0
0 226 1 130 1
1 318 0 11 0
0 304 2 8 1
1 327 3 335 2
1 293 2 64 3
0 179 3 378 2
1 204 0 292 2
1 375 3 293 2
0 495 1 397 3
0 296 2 466 2
1 83 1 126 0
1 26 1 422 3
1 385 2 184 3
0 486 3 413 3
1 185 2 75 2
1 299 3 396 1
1 351 0 142 1
1 439 0 214 1
1 371 3 265 0
0 59 2 429 0
1 399 2 299 2
0 269 1 175 1
0 312 0 295 3
1 368 2 53 2
0 400 1 411 1
1 237 0 255 3
1 280 2 411 0
0 355 1 369 3
0 111 3 234 2
0 431 2 101 1
0 61 1 162 0
1 375 1 127 3
0 28 3 350 3
1 446 3 44 3
0 262 3 77 0
1 432 0 312 1
1 20 2 2 2
1 114 2 367 2
0 296 3 210 0
0 8 3 255 0
0 226 1 130 1
1 318 0 11 0
0 304 2 8 1
1 327 3 335 2
1 293 2 64 3
0 179 3 378 2
1 204 0 292 2
0 405 2 183 1
1 116 1 360 2
1 56 1 204 0
0 86 3 211 3
1 397 3 195 1
0 460 1 130 3
0 252 0 82 0
1 179 0 75 3
0 132 3 191 0
0 124 2 115 3
1 30 0 89 2
1 273 2 431 0
1 103 0 278 1
0 87 0 256 2
1 183 2 203 2
0 103 2 256 2
0 398 0 122 3
0 120 0 217 3
0 422 2 229 0
1 229 0 259 2
1 114 2 367 2
0 296 3 210 0
0 8 3 255 0
0 226 1 130 1
1 318 0 11 0
0 304 2 8 1
1 327 3 335 2
1 293 2 64 3
0 179 3 378 2
1 204 0 292 2
0 14 1 97 1
1 431 0 246 0
0 432 2 195 2
1 373 2 389 2
1 110 1 435 3
1 126 0 57 1
0 360 0 427 1
1 175 0 494 1
0 88 1 70 3
1 199 1 490 1
1 419 3 168 3
0 438 1 310 3
1 69 3 323 0
0 144 3 109 2
0 241 3 205 0
0 317 3 223 3
0 27 2 3 3
1 245 1 415 0
1 486 1 188 1
1 57 1 405 2
1 114 2 367 2
0 296 3 210 0
0 8 3 255 0
0 226 1 130 1
1 318 0 11 0
0 304 2 8 1
1 327 3 335 2
1 293 2 64 3
0 179 3 378 2
1 204 0 292 2
1 114 2 367 2
0 296 3 210 0
0 8 3 255 0
0 226 1 130 1
1 318 0 11 0
0 304 2 8 1
1 327 3 335 2
1 293 2 64 3
0 179 3 378 2
1 204 0 292 2
1 114 2 367 2
0 296 3 210 0
0 8 3 255 0
0 226 1 130 1
1 318 0 11 0
0 304 2 8 1
1 327 3 335 2
1 293 2 64 3
0 179 3 378 2
1 204 0 292 2
1 114 2 367 2
0 296 3 210 0
0 8 3 255 0
0 226 1 130 1
1 318 0 11 0
0 304 2 8 1
1 327 3 335 2
1 293 2 64 3
0 179 3 378 2
1 204 0 292 2
1 114 2 367 2
0 296 3 210 0
0 8 3 255 0
0 226 1 130 1
1 318 0 11 0
0 304 2 8 1
1 327 3 335 2
1 293 2 64 3
0 179 3 378 2
1 204 0 292 2
1 114 2 367 2
0 296 3 210 0
0 8 3 255 0
0 226 1 130 1
1 318 0 11 0
0 304 2 8 1
1 327 3 335 2
1 293 2 64 3
0 179 3 378 2
1 204 0 292 2
0 53 3 431 3
1 145 0 139 1
1 443 0 165 3
1 99 0 281 2
0 114 0 133 2
1 163 3 22 0
1 22 1 341 1
0 468 3 216 3
0 303 3 124 1
0 271 0 98 0
1 114 2 367 2
0 296 3 210 0
0 8 3 255 0
0 226 1 130 1
1 318 0 11 0
0 304 2 8 1
1 327 3 335 2
1 293 2 64 3
0 179 3 378 2
1 204 0 292 2
0 255 2 194 0
1 59 3 384 1
1 466 0 1 3
1 437 3 64 2
1 88 1 490 0
0 44 0 254 2
0 392 1 111 2
0 284 1 393 0
1 69 2 91 2
1 204 3 273 1
1 114 2 367 2
0 296 3 210 0
0 8 3 255 0
0 226 1 130 1
1 318 0 11 0
0 304 2 8 1
1 327 3 335 2
1 293 2 64 3
0 179 3 378 2
1 204 0 292 2
1 114 2 367 2
0 296 3 210 0
0 8 3 255 0
0 226 1 130 1
1 318 0 11 0
0 304 2 8 1
1 327 3 335 2
1 293 2 64 3
0 179 3 378 2
1 204 0 292 2
1 114 2 367 2
0 296 3 210 0
0 8 3 255 0
0 226 1 130 1
1 318 0 11 0
0 304 2 8 1
1 327 3 335 2
1 293 2 64 3
0 179 3 378 2
1 204 0 292 2
1 360 1 323 2
0 305 2 462 0
0 54 0 194 1
1 184 1 92 1
0 227 2 104 2
0 250 3 280 3
0 293 3 1 0
1 127 2 183 1
0 127 0 342 1
1 437 1 111 2
1 114 2 367 2
0 296 3 210 0
0 8 3 255 0
0 226 1 130 1
1 318 0 11 0
0 304 2 8 1
1 327 3 335 2
1 293 2 64 3
0 179 3 378 2
1 204 0 292 2
1 114 2 367 2
0 296 3 210 0
0 8 3 255 0
0 226 1 130 1
1 318 0 11 0
0 304 2 8 1
1 327 3 335 2
1 293 2 64 3
0 179 3 378 2
1 204 0 292 2
1 114 2 367 2
0 296 3 210 0
0 8 3 255 0
0 226 1 130 1
1 318 0 11 0
0 304 2 8 1
1 327 3 335 2
1 293 2 64 3
0 179 3 378 2
1 204 0 292 2
1 114 2 367 2
0 296 3 210 0
0 8 3 255 0
0 226 1 130 1
1 318 0 11 0
0 304 2 8 1
1 327 3 335 2
1 293 2 64 3
0 179 3 378 2
1 204 0 292 2
1 81 1 285 1
0 58 3 155 2
0 447 3 397 0
0 334 0 78 1
1 468 1 365 2
0 27 0 28 2
0 315 3 295 0
0 75 2 396 2
0 58 1 332 0
0 136 2 462 2
1 114 2 367 2
0 296 3 210 0
0 8 3 255 0
0 226 1 130 1
1 318 0 11 0
0 304 2 8 1
1 327 3 335 2
1 293 2 64 3
0 179 3 378 2
1 204 0 292 2
1 114 2 367 2
0 296 3 210 0
0 8 3 255 0
0 226 1 130 1
1 318 0 11 0
0 304 2 8 1
1 327 3 335 2
1 293 2 64 3
0 179 3 378 2
1 204 0 292 2
0 183 2 65 1
0 235 0 296 3
0 482 2 489 2
1 97 1 41 1
0 390 0 169 2
0 203 2 410 1
0 126 1 310 3
0 6 3 30 3
0 448 1 473 1
1 4 2 325 1
1 114 2 367 2
0 296 3 210 0
0 8 3 255 0
0 226 1 130 1
1 318 0 11 0
0 304 2 8 1
1 327 3 335 2
1 293 2 64 3
0 179 3 378 2
1 204 0 292 2
0 465 3 192 2
1 108 2 219 2
1 347 1 260 1
0 362 0 319 0
1 214 0 160 3
1 280 3 72 1
0 8 2 228 0
0 89 0 302 1
0 362 0 379 2
0 272 1 182 3
1 114 2 367 2
0 296 3 210 0
0 8 3 255 0
0 226 1 130 1
1 318 0 11 0
0 304 2 8 1
1 327 3 335 2
1 293 2 64 3
0 179 3 378 2
1 204 0 292 2
1 114 2 367 2
0 296 3 210 0
0 8 3 255 0
0 226 1 130 1
1 318 0 11 0
0 304 2 8 1
1 327 3 335 2
1 293 2 64 3
0 179 3 378 2
1 204 0 292 2
1 114 2 367 2
0 296 3 210 0
0 8 3 255 0
0 226 1 130 1
1 318 0 11 0
0 304 2 8 1
1 327 3 335 2
1 293 2 64 3
0 179 3 378 2
1 204 0 292 2
1 114 2 367 2
0 296 3 210 0
0 8 3 255 0
0 226 1 130 1
1 318 0 11 0
0 304 2 8 1
1 327 3 335 2
1 293 2 64 3
0 179 3 378 2
1 204 0 292 2
1 114 2 367 2
0 296 3 210 0
0 8 3 255 0
0 226 1 130 1
1 318 0 11 0
0 304 2 8 1
1 327 3 335 2
1 293 2 64 3
0 179 3 378 2
1 204 0 292 2
1 114 2 367 2
0 296 3 210 0
0 8 3 255 0
0 226 1 130 1
1 318 0 11 0
0 304 2 8 1
1 327 3 335 2
1 293 2 64 3
0 179 3 378 2
1 204 0 292 2
1 353 1 422 1
0 255 1 387 3
0 328 3 376 0
1 137 1 47 3
0 430 1 167 1
0 333 1 113 3
1 342 0 34 0
1 231 0 83 2
1 37 2 387 2
0 274 3 204 2
0 362 0 348 1
1 124 2 51 1
1 428 3 153 2
0 91 1 420 2
0 471 3 166 2
1 225 1 436 1
1 131 3 263 3
1 380 3 387 3
0 469 3 327 2
0 375 1 275 3
1 114 2 367 2
0 296 3 210 0
0 8 3 255 0
0 226 1 130 1
1 318 0 11 0
0 304 2 8 1
1 327 3 335 2
1 293 2 64 3
0 179 3 378 2
1 204 0 292 2
1 143 3 7 2
1 188 3 314 1
0 473 0 311 0
1 484 1 246 0
0 142 1 316 1
1 194 1 233 1
0 324 1 463 3
1 145 0 162 3
1 182 1 309 1
1 100 2 342 2
1 114 2 367 2
0 296 3 210 0
0 8 3 255 0
0 226 1 130 1
1 318 0 11 0
0 304 2 8 1
1 327 3 335 2
1 293 2 64 3
0 179 3 378 2
1 204 0 292 2
1 114 2 367 2
0 296 3 210 0
0 8 3 255 0
0 226 1 130 1
1 318 0 11 0
0 304 2 8 1
1 327 3 335 2
1 293 2 64 3
0 179 3 378 2
1 204 0 292 2
1 114 2 367 2
0 296 3 210 0
0 8 3 255 0
0 226 1 130 1
1 318 0 11 0
0 304 2 8 1
1 327 3 335 2
1 293 2 64 3
0 179 3 378 2
1 204 0 292 2
1 114 2 367 2
0 296 3 210 0
0 8 3 255 0
0 226 1 130 1
1 318 0 11 0
0 304 2 8 1
1 327 3 335 2
1 293 2 64 3
0 179 3 378 2
1 204 0 292 2
0 447 0 99 3
1 118 1 358 3
0 203 0 391 2
1 166 3 287 0
1 488 2 260 1
0 133 1 390 0
1 444 3 139 3
0 301 1 347 3
1 125 2 245 1
1 308 3 248 0
1 114 2 367 2
0 296 3 210 0
0 8 3 255 0
0 226 1 130 1
1 318 0 11 0
0 304 2 8 1
1 327 3 335 2
1 293 2 64 3
0 179 3 378 2
1 204 0 292 2
1 114 2 367 2
0 296 3 210 0
0 8 3 255 0
0 226 1 130 1
1 318 0 11 0
0 304 2 8 1
1 327 3 335 2
1 293 2 64 3
0 179 3 378 2
1 204 0 292 2
1 114 2 367 2
0 296 3 210 0
0 8 3 255 0
0 226 1 130 1
1 318 0 11 0
0 304 2 8 1
1 327 3 335 2
1 293 2 64 3
0 179 3 378 2
1 204 0 292 2
1 114 2 367 2
0 296 3 210 0
0 8 3 255 0
0 226 1 130 1
1 318 0 11 0
0 304 2 8 1
1 327 3 335 2
1 293 2 64 3
0 179 3 378 2
1 204 0 292 2
1 114 2 367 2
0 296 3 210 0
0 8 3 255 0
0 226 1 130 1
1 318 0 11 0
0 304 2 8 1
1 327 3 335 2
1 293 2 64 3
0 179 3 378 2
1 204 0 292 2
0 223 0 282 3
0 342 1 187 0
1 487 0 424 2
1 314 3 289 1
1 6 2 209 3
1 294 3 43 3
1 111 2 0 1
0 438 0 71 1
0 220 0 201 0
1 476 2 426 1
1 114 2 367 2
0 296 3 210 0
0 8 3 255 0
0 226 1 130 1
1 318 0 11 0
0 304 2 8 1
1 327 3 335 2
1 293 2 64 3
0 179 3 378 2
1 204 0 292 2
1 421 3 109 3
0 117 1 194 0
0 405 3 439 1
0 41 3 308 0
1 481 0 137 2
0 284 2 138 3
0 461 0 455 2
1 386 3 393 0
1 65 1 174 0
1 395 1 290 3
1 114 2 367 2
0 296 3 210 0
0 8 3 255 0
0 226 1 130 1
1 318 0 11 0
0 304 2 8 1
1 327 3 335 2
1 293 2 64 3
0 179 3 378 2
1 204 0 292 2
1 463 0 193 1
0 373 1 285 3
0 265 0 285 0
1 252 2 286 1
0 338 3 376 0
1 471 3 113 1
1 474 1 351 0
0 274 1 267 3
1 68 0 285 1
0 384 1 207 3
1 114 2 367 2
0 296 3 210 0
0 8 3 255 0
0 226 1 130 1
1 318 0 11 0
0 304 2 8 1
1 327 3 335 2
1 293 2 64 3
0 179 3 378 2
1 204 0 292 2
1 114 2 367 2
0 296 3 210 0
0 8 3 255 0
0 226 1 130 1
1 318 0 11 0
0 304 2 8 1
1 327 3 335 2
1 293 2 64 3
0 179 3 378 2
1 204 0 292 2
1 114 2 367 2
0 296 3 210 0
0 8 3 255 0
0 226 1 130 1
1 318 0 11 0
0 304 2 8 1
1 327 3 335 2
1 293 2 64 3
0 179 3 378 2
1 204 0 292 2
1 97 1 166 1
1 233 0 485 2
0 300 1 283 3
1 313 1 290 0
0 251 0 68 1
1 317 1 459 0
0 414 1 213 0
1 291 1 243 0
0 301 0 241 0
1 138 1 413 0
0 453 0 182 2
1 388 3 46 3
1 47 1 392 0
1 191 3 62 3
1 130 0 163 3
1 447 1 330 0
0 364 1 174 3
1 447 3 82 1
0 1 0 99 2
1 496 1 260 2
1 114 2 367 2
0 296 3 210 0
0 8 3 255 0
0 226 1 130 1
1 318 0 11 0
0 304 2 8 1
1 327 3 335 2
1 293 2 64 3
0 179 3 378 2
1 204 0 292 2
1 114 2 367 2
0 296 3 210 0
0 8 3 255 0
0 226 1 130 1
1 318 0 11 0
0 304 2 8 1
1 327 3 335 2
1 293 2 64 3
0 179 3 378 2
1 204 0 292 2
1 114 2 367 2
0 296 3 210 0
0 8 3 255 0
0 226 1 130 1
1 318 0 11 0
0 304 2 8 1
1 327 3 335 2
1 293 2 64 3
0 179 3 378 2
1 204 0 292 2
0 496 1 369 3
0 450 2 478 0
0 472 1 336 2
0 227 1 35 2
0 21 3 183 0
1 40 0 51 0
0 479 0 123 0
0 92 2 266 2
1 289 2 132 1
0 232 0 485 3
1 114 2 367 2
0 296 3 210 0
0 8 3 255 0
0 226 1 130 1
1 318 0 11 0
0 304 2 8 1
1 327 3 335 2
1 293 2 64 3
0 179 3 378 2
1 204 0 292 2
1 114 2 367 2
0 296 3 210 0
0 8 3 255 0
0 226 1 130 1
1 318 0 11 0
0 304 2 8 1
1 327 3 335 2
1 293 2 64 3
0 179 3 378 2
1 204 0 292 2
1 114 2 367 2
0 296 3 210 0
0 8 3 255 0
0 226 1 130 1
1 318 0 11 0
0 304 2 8 1
1 327 3 335 2
1 293 2 64 3
0 179 3 378 2
1 204 0 292 2
1 114 2 367 2
0 296 3 210 0
0 8 3 255 0
0 226 1 130 1
1 318 0 11 0
0 304 2 8 1
1 327 3 335 2
1 293 2 64 3
0 179 3 378 2
1 204 0 292 2
1 114 2 367 2
0 296 3 210 0
0 8 3 255 0
0 226 1 130 1
1 318 0 11 0
0 304 2 8 1
1 327 3 335 2
1 293 2 64 3
0 179 3 378 2
1 204 0 292 2
1 114 2 367 2
0 296 3 210 0
0 8 3 255 0
0 226 1 130 1
1 318 0 11 0
0 304 2 8 1
1 327 3 335 2
1 293 2 64 3
0 179 3 378 2
1 204 0 292 2
0 275 0 30 2
0 439 2 284 2
1 366 2 151 2
0 311 2 173 2
0 308 3 250 0
0 142 0 400 3
1 267 2 283 1
1 99 0 267 3
1 122 1 401 2
1 423 1 229 0
1 85 0 290 3
0 486 1 276 3
0 271 2 415 2
1 332 1 243 3
0 174 2 342 3
0 137 3 341 3
1 413 0 260 3
0 12 2 469 1
1 278 0 491 1
1 498 1 176 1
0 417 0 254 3
1 306 0 46 0
1 50 1 420 2
0 60 2 362 1
1 347 3 432 2
0 103 0 81 3
0 262 0 198 0
1 393 3 408 0
1 375 2 88 3
0 408 3 30 3
1 198 2 100 2
1 157 1 349 2
0 279 0 469 1
1 128 3 44 0
1 219 0 61 3
1 417 3 471 3
0 60 1 13 0
1 26 1 268 3
0 337 3 316 2
0 37 2 263 1
1 482 0 143 3
1 406 0 83 1
0 477 1 313 2
0 145 0 175 1
0 287 2 251 0
0 439 1 251 3
1 278 1 431 1
1 95 3 245 2
1 209 3 198 3
0 352 0 218 0
1 314 3 240 1
1 204 1 469 3
0 396 1 97 3
0 30 2 390 0
0 299 1 16 1
0 366 2 232 0
0 370 3 249 2
0 225 2 25 2
0 437 2 207 3
1 418 1 100 0
1 256 3 383 0
0 95 2 158 0
1 388 2 382 2
0 402 3 178 0
1 300 1 203 0
0 176 2 374 0
0 419 1 397 2
1 353 2 352 0
0 483 0 276 1
0 288 3 457 2
1 114 2 367 2
0 296 3 210 0
0 8 3 255 0
0 226 1 130 1
1 318 0 11 0
0 304 2 8 1
1 327 3 335 2
1 293 2 64 3
0 179 3 378 2
1 204 0 292 2
1 114 2 367 2
0 296 3 210 0
0 8 3 255 0
0 226 1 130 1
1 318 0 11 0
0 304 2 8 1
1 327 3 335 2
1 293 2 64 3
0 179 3 378 2
1 204 0 292 2
1 114 2 367 2
0 296 3 210 0
0 8 3 255 0
0 226 1 130 1
1 318 0 11 0
0 304 2 8 1
1 327 3 335 2
1 293 2 64 3
0 179 3 378 2
1 204 0 292 2
1 114 2 367 2
0 296 3 210 0
0 8 3 255 0
0 226 1 130 1
1 318 0 11 0
0 304 2 8 1
1 327 3 335 2
1 293 2 64 3
0 179 3 378 2
1 204 0 292 2
1 218 3 117 1
1 73 2 109 3
0 399 3 463 0
1 473 1 67 1
1 145 0 118 1
1 360 1 496 2
0 396 0 147 1
0 126 2 316 3
0 394 2 105 2
0 274 3 135 2
1 114 2 367 2
0 296 3 210 0
0 8 3 255 0
0 226 1 130 1
1 318 0 11 0
0 304 2 8 1
1 327 3 335 2
1 293 2 64 3
0 179 3 378 2
1 204 0 292 2
1 114 2 367 2
0 296 3 210 0
0 8 3 255 0
0 226 1 130 1
1 318 0 11 0
0 304 2 8 1
1 327 3 335 2
1 293 2 64 3
0 179 3 378 2
1 204 0 292 2
1 114 2 367 2
0 296 3 210 0
0 8 3 255 0
0 226 1 130 1
1 318 0 11 0
0 304 2 8 1
1 327 3 335 2
1 293 2 64 3
0 179 3 378 2
1 204 0 292 2
1 114 2 367 2
0 296 3 210 0
0 8 3 255 0
0 226 1 130 1
1 318 0 11 0
0 304 2 8 1
1 327 3 335 2
1 293 2 64 3
0 179 3 378 2
1 204 0 292 2
1 114 2 367 2
0 296 3 210 0
0 8 3 255 0
0 226 1 130 1
1 318 0 11 0
0 304 2 8 1
1 327 3 335 2
1 293 2 64 3
0 179 3 378 2
1 204 0 292 2
1 114 2 367 2
0 296 3 210 0
0 8 3 255 0
0 226 1 130 1
1 318 0 11 0
0 304 2 8 1
1 327 3 335 2
1 293 2 64 3
0 179 3 378 2
1 204 0 292 2
1 114 2 367 2
0 296 3 210 0
0 8 3 255 0
0 226 1 130 1
1 318 0 11 0
0 304 2 8 1
1 327 3 335 2
1 293 2 64 3
0 179 3 378 2
1 204 0 292 2
1 114 2 367 2
0 296 3 210 0
0 8 3 255 0
0 226 1 130 1
1 318 0 11 0
0 304 2 8 1
1 327 3 335 2
1 293 2 64 3
0 179 3 378 2
1 204 0 292 2
0 149 3 372 3
1 101 3 174 1
1 54 1 242 1
0 256 3 149 0
0 387 2 252 0
0 386 2 211 2
0 71 3 4 3
0 469 0 473 3
0 475 2 339 1
1 402 1 431 3
1 114 2 367 2
0 296 3 210 0
0 8 3 255 0
0 226 1 130 1
1 318 0 11 0
0 304 2 8 1
1 327 3 335 2
1 293 2 64 3
0 179 3 378 2
1 204 0 292 2
1 114 2 367 2
0 296 3 210 0
0 8 3 255 0
0 226 1 130 1
1 318 0 11 0
0 304 2 8 1
1 327 3 335 2
1 293 2 64 3
0 179 3 378 2
1 204 0 292 2
1 114 2 367 2
0 296 3 210 0
0 8 3 255 0
0 226 1 130 1
1 318 0 11 0
0 304 2 8 1
1 327 3 335 2
1 293 2 64 3
0 179 3 378 2
1 204 0 292 2
1 114 2 367 2
0 296 3 210 0
0 8 3 255 0
0 226 1 130 1
1 318 0 11 0
0 304 2 8 1
1 327 3 335 2
1 293 2 64 3
0 179 3 378 2
1 204 0 292 2
1 197 2 419 2
0 96 0 48 3
0 213 3 437 1
0 431 2 423 1
1 269 0 83 0
1 335 2 126 2
1 227 3 55 2
1 337 2 158 2
0 72 3 337 2
0 215 1 206 2
1 114 2 367 2
0 296 3 210 0
0 8 3 255 0
0 226 1 130 1
1 318 0 11 0
0 304 2 8 1
1 327 3 335 2
1 293 2 64 3
0 179 3 378 2
1 204 0 292 2
1 114 2 367 2
0 296 3 210 0
0 8 3 255 0
0 226 1 130 1
1 318 0 11 0
0 304 2 8 1
1 327 3 335 2
1 293 2 64 3
0 179 3 378 2
1 204 0 292 2
0 239 3 134 3
0 435 2 286 1
0 404 0 443 3
1 413 1 85 3
1 191 3 338 0
1 358 0 151 0
0 53 3 50 0
0 474 3 340 0
1 320 0 381 0
0 372 1 329 2
0 68 1 447 2
0 305 0 330 0
0 268 1 187 2
1 18 0 25 2
1 266 3 329 3
1 9 0 28 2
0 480 2 331 3
0 65 0 132 3
0 164 0 254 0
0 155 2 183 0
1 114 2 367 2
0 296 3 210 0
0 8 3 255 0
0 226 1 130 1
1 318 0 11 0
0 304 2 8 1
1 327 3 335 2
1 293 2 64 3
0 179 3 378 2
1 204 0 292 2
1 114 2 367 2
0 296 3 210 0
0 8 3 255 0
0 226 1 130 1
1 318 0 11 0
0 304 2 8 1
1 327 3 335 2
1 293 2 64 3
0 179 3 378 2
1 204 0 292 2
0 144 2 111 1
0 110 3 170 2
1 352 2 432 3
0 448 1 334 1
0 79 1 364 1
1 51 0 467 2
1 48 2 375 3
1 25 2 38 3
0 64 3 83 0
1 333 0 388 3
1 114 2 367 2
0 296 3 210 0
0 8 3 255 0
0 226 1 130 1
1 318 0 11 0
0 304 2 8 1
1 327 3 335 2
1 293 2 64 3
0 179 3 378 2
1 204 0 292 2
1 114 2 367 2
0 296 3 210 0
0 8 3 255 0
0 226 1 130 1
1 318 0 11 0
0 304 2 8 1
1 327 3 335 2
1 293 2 64 3
0 179 3 378 2
1 204 0 292 2
1 114 2 367 2
0 296 3 210 0
0 8 3 255 0
0 226 1 130 1
1 318 0 11 0
0 304 2 8 1
1 327 3 335 2
1 293 2 64 3
0 179 3 378 2
1 204 0 292 2
1 114 2 367 2
0 296 3 210 0
0 8 3 255 0
0 226 1 130 1
1 318 0 11 0
0 304 2 8 1
1 327 3 335 2
1 293 2 64 3
0 179 3 378 2
1 204 0 292 2
1 114 2 367 2
0 296 3 210 0
0 8 3 255 0
0 226 1 130 1
1 318 0 11 0
0 304 2 8 1
1 327 3 335 2
1 293 2 64 3
0 179 3 378 2
1 204 0 292 2
1 236 2 475 1
1 424 0 476 0
0 201 0 24 0
1 79 2 129 2
1 242 2 401 1
0 188 2 30 0
1 260 0 128 3
1 263 3 121 3
1 63 0 251 3
1 259 3 323 0
1 114 2 367 2
0 296 3 210 0
0 8 3 255 0
0 226 1 130 1
1 318 0 11 0
0 304 2 8 1
1 327 3 335 2
1 293 2 64 3
0 179 3 378 2
1 204 0 292 2
1 114 2 367 2
0 296 3 210 0
0 8 3 255 0
0 226 1 130 1
1 318 0 11 0
0 304 2 8 1
1 327 3 335 2
1 293 2 64 3
0 179 3 378 2
1 204 0 292 2
1 114 2 367 2
0 296 3 210 0
0 8 3 255 0
0 226 1 130 1
1 318 0 11 0
0 304 2 8 1
1 327 3 335 2
1 293 2 64 3
0 179 3 378 2
1 204 0 292 2
1 176 2 23 1
1 257 1 317 3
1 199 3 358 3
0 123 2 498 1
0 105 0 122 1
0 491 0 415 2
0 404 3 191 3
0 498 0 242 0
1 435 3 371 1
0 357 1 136 3
1 114 2 367 2
0 296 3 210 0
0 8 3 255 0
0 226 1 130 1
1 318 0 11 0
0 304 2 8 1
1 327 3 335 2
1 293 2 64 3
0 179 3 378 2
1 204 0 292 2
0 318 1 26 1
0 126 0 490 1
1 50 1 498 1
0 122 0 112 0
0 436 0 127 3
1 173 0 418 1
0 136 0 389 3
1 263 1 57 1
1 360 3 184 2
1 261 1 137 1
1 114 2 367 2
0 296 3 210 0
0 8 3 255 0
0 226 1 130 1
1 318 0 11 0
0 304 2 8 1
1 327 3 335 2
1 293 2 64 3
0 179 3 378 2
1 204 0 292 2
1 114 2 367 2
0 296 3 210 0
0 8 3 255 0
0 226 1 130 1
1 318 0 11 0
0 304 2 8 1
1 327 3 335 2
1 293 2 64 3
0 179 3 378 2
1 204 0 292 2
1 114 2 367 2
0 296 3 210 0
0 8 3 255 0
0 226 1 130 1
1 318 0 11 0
0 304 2 8 1
1 327 3 335 2
1 293 2 64 3
0 179 3 378 2
1 204 0 292 2
1 114 2 367 2
0 296 3 210 0
0 8 3 255 0
0 226 1 130 1
1 318 0 11 0
0 304 2 8 1
1 327 3 335 2
1 293 2 64 3
0 179 3 378 2
1 204 0 292 2
1 114 2 367 2
0 296 3 210 0
0 8 3 255 0
0 226 1 130 1
1 318 0 11 0
0 304 2 8 1
1 327 3 335 2
1 293 2 64 3
0 179 3 378 2
1 204 0 292 2
1 114 2 367 2
0 296 3 210 0
0 8 3 255 0
0 226 1 130 1
1 318 0 11 0
0 304 2 8 1
1 327 3 335 2
1 293 2 64 3
0 179 3 378 2
1 204 0 292 2
1 397 1 201 0
0 499 1 393 1
0 469 2 190 2
1 463 1 210 1
0 97 1 85 2
0 482 3 129 3
0 178 0 486 0
0 10 3 293 3
0 4 0 54 2
0 475 2 111 2
1 41 3 116 3
1 412 1 312 1
1 285 0 301 3
0 398 1 387 3
1 35 3 317 2
0 456 1 456 3
1 339 1 443 3
0 360 0 401 1
1 334 2 241 0
1 397 2 270 0
1 11 0 33 1
0 479 1 383 3
0 191 2 17 2
1 457 2 357 3
1 175 1 385 0
1 22 2 123 1
0 257 0 122 2
1 88 1 418 0
0 475 3 386 0
1 23 2 495 1
1 114 2 367 2
0 296 3 210 0
0 8 3 255 0
0 226 1 130 1
1 318 0 11 0
0 304 2 8 1
1 327 3 335 2
1 293 2 64 3
0 179 3 378 2
1 204 0 292 2
1 219 0 410 0
0 296 3 342 3
0 293 0 428 3
0 62 0 143 0
0 403 3 195 1
0 344 1 454 3
0 319 2 306 1
1 482 1 198 1
1 322 2 29 2
1 52 0 297 3
1 114 2 367 2
0 296 3 210 0
0 8 3 255 0
0 226 1 130 1
1 318 0 11 0
0 304 2 8 1
1 327 3 335 2
1 293 2 64 3
0 179 3 378 2
1 204 0 292 2
1 114 2 367 2
0 296 3 210 0
0 8 3 255 0
0 226 1 130 1
1 318 0 11 0
0 304 2 8 1
1 327 3 335 2
1 293 2 64 3
0 179 3 378 2
1 204 0 292 2
1 114 2 367 2
0 296 3 210 0
0 8 3 255 0
0 226 1 130 1
1 318 0 11 0
0 304 2 8 1
1 327 3 335 2
1 293 2 64 3
0 179 3 378 2
1 204 0 292 2
1 329 3 156 0
0 160 0 257 2
0 155 1 26 1
1 245 0 96 3
1 97 1 147 3
0 236 3 32 2
0 381 3 29 2
0 474 2 312 3
1 76 3 302 3
0 169 0 496 2
0 321 3 113 0
0 333 1 225 2
1 304 3 158 1
1 250 3 188 3
1 205 3 130 3
0 330 1 499 3
1 495 0 362 0
1 57 2 26 2
0 469 2 259 3
0 249 2 487 1
1 114 2 367 2
0 296 3 210 0
0 8 3 255 0
0 226 1 130 1
1 318 0 11 0
0 304 2 8 1
1 327 3 335 2
1 293 2 64 3
0 179 3 378 2
1 204 0 292 2
1 230 2 192 0
1 343 3 86 2
0 85 1 426 0
1 395 1 443 1
1 455 2 430 3
0 406 0 8 1
1 209 0 303 1
0 8 0 435 3
0 9 0 479 0
0 481 3 337 0
1 114 2 367 2
0 296 3 210 0
0 8 3 255 0
0 226 1 130 1
1 318 0 11 0
0 304 2 8 1
1 327 3 335 2
1 293 2 64 3
0 179 3 378 2
1 204 0 292 2
1 329 0 255 3
1 181 1 263 1
0 220 2 90 3
0 131 3 452 2
0 95 0 363 2
0 343 3 251 1
0 412 2 64 0
1 11 1 490 2
1 104 2 197 3
1 53 2 308 2
1 114 2 367 2
0 296 3 210 0
0 8 3 255 0
0 226 1 130 1
1 318 0 11 0
0 304 2 8 1
1 327 3 335 2
1 293 2 64 3
0 179 3 378 2
1 204 0 292 2
1 114 2 367 2
0 296 3 210 0
0 8 3 255 0
0 226 1 130 1
1 318 0 11 0
0 304 2 8 1
1 327 3 335 2
1 293 2 64 3
0 179 3 378 2
1 204 0 292 2
0 139 1 24 2
1 240 1 139 0
0 471 0 92 3
0 417 2 330 3
0 425 0 74 2
1 499 0 89 3
0 185 2 43 2
0 274 2 498 1
0 228 0 107 1
1 235 2 225 1
1 114 2 367 2
0 296 3 210 0
0 8 3 255 0
0 226 1 130 1
1 318 0 11 0
0 304 2 8 1
1 327 3 335 2
1 293 2 64 3
0 179 3 378 2
1 204 0 292 2
1 114 2 367 2
0 296 3 210 0
0 8 3 255 0
0 226 1 130 1
1 318 0 11 0
0 304 2 8 1
1 327 3 335 2
1 293 2 64 3
0 179 3 378 2
1 204 0 292 2
1 114 2 367 2
0 296 3 210 0
0 8 3 255 0
0 226 1 130 1
1 318 0 11 0
0 304 2 8 1
1 327 3 335 2
1 293 2 64 3
0 179 3 378 2
1 204 0 292 2
0 101 2 418 3
1 181 2 49 2
0 139 3 132 2
1 433 0 172 3
0 22 3 14 1
0 490 1 127 3
0 181 1 477 3
0 498 0 223 3
0 409 2 209 1
0 431 2 232 3
1 114 2 367 2
0 296 3 210 0
0 8 3 255 0
0 226 1 130 1
1 318 0 11 0
0 304 2 8 1
1 327 3 335 2
1 293 2 64 3
0 179 3 378 2
1 204 0 292 2
1 114 2 367 2
0 296 3 210 0
0 8 3 255 0
0 226 1 130 1
1 318 0 11 0
0 304 2 8 1
1 327 3 335 2
1 293 2 64 3
0 179 3 378 2
1 204 0 292 2
1 114 2 367 2
0 296 3 210 0
0 8 3 255 0
0 226 1 130 1
1 318 0 11 0
0 304 2 8 1
1 327 3 335 2
1 293 2 64 3
0 179 3 378 2
1 204 0 292 2
1 10 1 269 1
1 305 3 176 0
0 310 1 103 3
0 300 1 344 3
0 246 0 222 0
1 146 3 300 3
0 57 1 23 2
0 482 0 133 2
0 68 1 382 3
0 298 3 246 3
1 114 2 367 2
0 296 3 210 0
0 8 3 255 0
0 226 1 130 1
1 318 0 11 0
0 304 2 8 1
1 327 3 335 2
1 293 2 64 3
0 179 3 378 2
1 204 0 292 2
1 114 2 367 2
0 296 3 210 0
0 8 3 255 0
0 226 1 130 1
1 318 0 11 0
0 304 2 8 1
1 327 3 335 2
1 293 2 64 3
0 179 3 378 2
1 204 0 292 2
1 114 2 367 2
0 296 3 210 0
0 8 3 255 0
0 226 1 130 1
1 318 0 11 0
0 304 2 8 1
1 327 3 335 2
1 293 2 64 3
0 179 3 378 2
1 204 0 292 2
1 114 2 367 2
0 296 3 210 0
0 8 3 255 0
0 226 1 130 1
1 318 0 11 0
0 304 2 8 1
1 327 3 335 2
1 293 2 64 3
0 179 3 378 2
1 204 0 292 2
1 114 2 367 2
0 296 3 210 0
0 8 3 255 0
0 226 1 130 1
1 318 0 11 0
0 304 2 8 1
1 327 3 335 2
1 293 2 64 3
0 179 3 378 2
1 204 0 292 2
0 430 1 130 1
1 308 3 492 0
0 186 1 124 2
0 242 0 32 0
1 300 0 172 2
1 132 1 143 2
0 341 1 69 0
0 323 0 169 3
0 404 2 109 0
0 157 2 460 1
1 114 2 367 2
0 296 3 210 0
0 8 3 255 0
0 226 1 130 1
1 318 0 11 0
0 304 2 8 1
1 327 3 335 2
1 293 2 64 3
0 179 3 378 2
1 204 0 292 2
1 114 2 367 2
0 296 3 210 0
0 8 3 255 0
0 226 1 130 1
1 318 0 11 0
0 304 2 8 1
1 327 3 335 2
1 293 2 64 3
0 179 3 378 2
1 204 0 292 2
0 163 2 498 3
0 170 0 61 1
0 389 2 211 3
0 229 2 462 3
1 54 3 155 0
1 71 1 361 0
1 64 3 261 2
1 489 0 407 3
1 457 0 404 1
1 86 2 293 1
1 114 2 367 2
0 296 3 210 0
0 8 3 255 0
0 226 1 130 1
1 318 0 11 0
0 304 2 8 1
1 327 3 335 2
1 293 2 64 3
0 179 3 378 2
1 204 0 292 2
1 95 3 156 2
1 395 2 201 1
0 268 1 457 1
1 44 2 320 3
1 217 1 270 1
0 77 0 32 3
1 34 2 268 2
0 92 2 298 1
1 208 1 16 2
0 103 2 368 3
1 114 2 367 2
0 296 3 210 0
0 8 3 255 0
0 226 1 130 1
1 318 0 11 0
0 304 2 8 1
1 327 3 335 2
1 293 2 64 3
0 179 3 378 2
1 204 0 292 2
1 114 2 367 2
0 296 3 210 0
0 8 3 255 0
0 226 1 130 1
1 318 0 11 0
0 304 2 8 1
1 327 3 335 2
1 293 2 64 3
0 179 3 378 2
1 204 0 292 2
0 494 1 331 0
0 113 1 26 1
0 339 3 86 0
0 359 0 364 1
1 411 2 110 3
0 256 2 354 0
0 72 2 299 3
0 265 0 132 0
0 252 3 101 3
1 27 2 495 3
1 114 2 367 2
0 296 3 210 0
0 8 3 255 0
0 226 1 130 1
1 318 0 11 0
0 304 2 8 1
1 327 3 335 2
1 293 2 64 3
0 179 3 378 2
1 204 0 292 2
1 114 2 367 2
0 296 3 210 0
0 8 3 255 0
0 226 1 130 1
1 318 0 11 0
0 304 2 8 1
1 327 3 335 2
1 293 2 64 3
0 179 3 378 2
1 204 0 292 2
1 192 2 481 2
1 69 2 316 0
1 474 0 357 1
0 444 2 324 0
0 394 0 222 0
1 17 3 273 1
1 185 1 421 2
0 207 0 474 3
0 361 1 212 3
0 168 3 216 1
1 455 3 475 1
1 199 2 259 0
1 378 1 173 3
0 237 2 264 3
1 128 1 82 0
0 408 1 11 1
0 306 0 445 1
1 181 0 359 0
1 475 2 166 0
1 342 1 328 2
1 114 2 367 2
0 296 3 210 0
0 8 3 255 0
0 226 1 130 1
1 318 0 11 0
0 304 2 8 1
1 327 3 335 2
1 293 2 64 3
0 179 3 378 2
1 204 0 292 2
1 114 2 367 2
0 296 3 210 0
0 8 3 255 0
0 226 1 130 1
1 318 0 11 0
0 304 2 8 1
1 327 3 335 2
1 293 2 64 3
0 179 3 378 2
1 204 0 292 2
1 114 2 367 2
0 296 3 210 0
0 8 3 255 0
0 226 1 130 1
1 318 0 11 0
0 304 2 8 1
1 327 3 335 2
1 293 2 64 3
0 179 3 378 2
1 204 0 292 2
0 61 2 373 0
1 221 0 288 0
1 494 2 165 3
0 330 0 60 2
0 69 1 434 0
1 256 2 50 0
1 350 1 327 0
1 254 1 102 2
0 335 0 124 1
0 0 3 152 1
1 114 2 367 2
0 296 3 210 0
0 8 3 255 0
0 226 1 130 1
1 318 0 11 0
0 304 2 8 1
1 327 3 335 2
1 293 2 64 3
0 179 3 378 2
1 204 0 292 2
1 114 2 367 2
0 296 3 210 0
0 8 3 255 0
0 226 1 130 1
1 318 0 11 0
0 304 2 8 1
1 327 3 335 2
1 293 2 64 3
0 179 3 378 2
1 204 0 292 2
1 114 2 367 2
0 296 3 210 0
0 8 3 255 0
0 226 1 130 1
1 318 0 11 0
0 304 2 8 1
1 327 3 335 2
1 293 2 64 3
0 179 3 378 2
1 204 0 292 2
1 65 2 242 3
0 407 3 205 1
1 446 0 393 1
0 238 0 385 0
0 267 0 163 0
1 195 0 64 3
1 142 0 344 0
0 118 0 223 3
1 119 1 317 0
1 405 2 275 3
1 49 2 323 0
0 204 3 399 0
1 408 2 371 0
1 339 3 495 3
0 300 2 168 2
0 63 3 148 2
0 443 3 77 2
0 231 2 415 2
1 374 3 205 2
1 204 1 218 3
0 265 0 386 1
0 284 0 49 1
0 68 0 129 1
1 285 0 465 1
1 408 3 250 2
1 393 2 167 0
0 371 1 426 2
0 100 2 214 1
1 104 1 56 1
0 403 3 295 0
1 114 2 367 2
0 296 3 210 0
0 8 3 255 0
0 226 1 130 1
1 318 0 11 0
0 304 2 8 1
1 327 3 335 2
1 293 2 64 3
0 179 3 378 2
1 204 0 292 2
1 114 2 367 2
0 296 3 210 0
0 8 3 255 0
0 226 1 130 1
1 318 0 11 0
0 304 2 8 1
1 327 3 335 2
1 293 2 64 3
0 179 3 378 2
1 204 0 292 2
0 154 1 351 0
1 81 1 469 0
1 43 3 194 1
1 60 1 328 2
1 7 2 140 3
0 207 2 335 2
1 259 0 20 2
0 467 3 265 0
1 231 0 467 1
1 400 2 75 0
1 114 2 367 2
0 296 3 210 0
0 8 3 255 0
0 226 1 130 1
1 318 0 11 0
0 304 2 8 1
1 327 3 335 2
1 293 2 64 3
0 179 3 378 2
1 204 0 292 2
1 114 2 367 2
0 296 3 210 0
0 8 3 255 0
0 226 1 130 1
1 318 0 11 0
0 304 2 8 1
1 327 3 335 2
1 293 2 64 3
0 179 3 378 2
1 204 0 292 2
1 114 2 367 2
0 296 3 210 0
0 8 3 255 0
0 226 1 130 1
1 318 0 11 0
0 304 2 8 1
1 327 3 335 2
1 293 2 64 3
0 179 3 378 2
1 204 0 292 2
1 114 2 367 2
0 296 3 210 0
0 8 3 255 0
0 226 1 130 1
1 318 0 11 0
0 304 2 8 1
1 327 3 335 2
1 293 2 64 3
0 179 3 378 2
1 204 0 292 2
1 114 2 367 2
0 296 3 210 0
0 8 3 255 0
0 226 1 130 1
1 318 0 11 0
0 304 2 8 1
1 327 3 335 2
1 293 2 64 3
0 179 3 378 2
1 204 0 292 2
0 146 0 195 2
1 11 1 26 2
1 65 1 207 1
1 471 0 167 1
0 162 0 376 1
1 30 2 83 1
0 48 3 50 3
1 258 2 87 0
0 286 1 113 2
0 236 1 246 3
0 290 2 22 3
1 120 1 77 3
0 392 3 257 2
0 498 0 304 1
0 460 0 241 1
0 231 2 183 1
1 238 0 335 0
1 383 0 336 0
0 342 0 391 3
1 90 1 403 2
1 114 2 367 2
0 296 3 210 0
0 8 3 255 0
0 226 1 130 1
1 318 0 11 0
0 304 2 8 1
1 327 3 335 2
1 293 2 64 3
0 179 3 378 2
-1 204 0 292 2
