0 388 1 37 0 315 2
0 289 2 23 3 716 0
1 431 0 522 2 858 2
0 160 1 343 3 762 0
1 4 2 902 0 787 3
0 102 1 986 0 87 1
1 803 1 898 3 161 0
1 19 2 165 0 227 1
1 990 1 972 2 623 2
0 762 1 54 0 934 0
0 21 1 843 1 902 1
0 63 2 9 2 952 3
0 180 0 65 2 365 2
0 340 0 310 2 486 0
0 772 0 927 2 157 2
1 411 0 383 2 730 0
0 682 3 579 2 659 0
0 24 2 956 0 707 2
0 545 2 785 1 442 0
1 599 2 82 2 50 1
0 780 2 153 3 185 0
1 845 0 470 1 171 2
0 878 1 756 3 83 1
0 526 1 556 1 792 2
0 194 0 732 3 74 1
0 259 1 875 0 402 1
0 573 0 320 3 521 0
0 604 2 374 2 279 2
0 423 1 152 2 433 0
1 507 2 439 2 91 2
1 845 0 309 2 488 1
1 9 1 855 1 379 2
0 659 0 112 2 785 0
0 570 0 701 1 974 0
0 418 3 827 3 523 0
0 11 1 311 0 822 3
1 202 1 489 1 261 1
1 399 1 404 1 70 1
1 44 2 299 2 461 2
0 984 2 112 3 379 3
1 201 2 408 3 691 2
0 305 3 320 0 69 0
1 139 1 776 3 835 3
0 296 1 76 0 167 0
1 898 3 698 0 258 3
1 301 1 528 2 208 0
0 629 0 688 0 809 0
0 645 0 654 1 797 2
0 317 2 553 3 937 0
1 195 3 875 1 68 3
1 577 3 122 3 186 0
1 164 3 202 3 384 3
1 874 2 103 3 758 2
1 326 2 218 2 916 3
0 260 2 17 1 189 0
0 727 0 827 3 83 1
1 467 0 320 1 331 3
1 441 2 928 3 68 2
1 336 2 343 0 820 1
1 361 1 305 0 33 0
0 469 2 147 0 278 3
0 961 2 443 2 676 3
0 744 1 135 0 699 3
0 519 0 165 0 749 2
1 134 3 653 3 173 0
0 451 3 874 1 565 1
1 242 0 41 2 613 1
1 313 0 799 0 200 1
1 949 3 34 3 94 3
1 267 3 931 3 514 1
0 79 2 707 1 570 1
0 183 2 783 0 638 2
1 190 3 98 3 39 0
0 485 3 965 1 66 0
0 580 1 716 3 935 3
1 857 0 345 1 154 0
1 144 2 274 2 314 0
1 705 0 752 2 731 1
1 797 2 175 1 427 3
1 363 3 74 0 543 3
1 698 3 207 2 313 1
1 627 2 354 0 414 2
1 498 0 874 3 846 2
1 273 1 118 0 664 0
1 208 3 174 2 566 1
0 231 3 981 3 773 0
1 187 2 122 1 970 1
1 816 3 414 2 748 0
0 413 0 639 1 95 2
1 13 3 683 0 114 1
1 887 1 703 3 147 1
0 118 2 149 2 629 3
0 378 3 159 3 875 2
0 970 0 699 3 864 2
0 978 3 387 2 752 2
1 900 0 757 2 146 3
0 776 2 737 2 622 0
1 849 2 117 0 363 0
1 227 2 439 1 950 3
-1 54 1 420 2 241 2
