0 60 2 94 0 42 2
1 22 1 41 2 86 1
0 58 0 54 2 52 1
0 80 1 82 1 22 1
0 23 1 8 3 87 3
1 81 1 34 0 14 0
0 0 1 10 2 45 0
0 49 2 0 1 95 2
0 17 0 49 0 1 1
0 41 0 75 2 21 2
0 35 2 76 3 43 3
0 41 3 46 2 25 3
0 20 1 90 2 61 3
0 15 1 62 0 9 2
0 31 0 61 2 42 1
0 37 0 4 2 84 2
1 61 1 45 2 31 3
0 92 3 6 3 76 1
1 85 3 98 0 63 3
1 57 0 41 2 29 1
1 13 3 50 2 97 3
0 80 2 32 0 61 3
0 37 0 99 3 75 1
1 90 0 26 3 61 3
1 90 0 74 3 64 0
1 13 3 42 1 6 2
1 67 1 49 1 29 1
0 56 2 71 2 63 2
1 76 1 43 2 86 1
1 2 2 58 3 65 0
0 71 3 25 3 92 3
0 74 0 24 2 82 3
1 45 1 26 1 67 1
1 5 3 68 3 33 3
0 98 3 82 2 6 3
1 99 2 5 1 66 1
1 49 0 88 2 26 3
0 45 0 15 2 27 0
1 60 3 83 3 94 1
1 1 0 42 0 63 3
1 81 0 84 2 56 1
1 34 0 53 3 28 0
1 56 0 42 0 71 1
1 66 2 60 3 19 2
1 34 1 96 3 29 0
0 38 1 79 0 97 0
0 26 0 37 2 13 0
0 84 1 30 2 52 2
1 71 1 40 1 46 0
0 76 1 22 2 30 1
0 80 1 94 2 94 0
0 7 0 94 3 73 0
0 77 3 19 0 64 0
1 10 0 30 2 73 0
0 4 2 43 0 43 1
0 89 1 86 0 37 0
0 63 1 90 0 76 1
1 92 1 98 2 70 0
1 95 1 97 3 39 0
1 34 2 29 0 3 3
0 93 0 12 0 57 2
0 33 0 93 1 33 0
1 55 0 76 3 57 2
0 96 2 90 3 48 3
1 4 3 27 1 87 0
1 44 2 57 1 10 3
0 44 3 41 3 19 2
0 77 0 57 1 62 3
0 11 2 63 3 9 3
0 96 3 21 0 81 2
1 92 1 83 0 76 1
1 48 3 94 1 87 3
0 49 2 59 0 20 2
1 30 1 95 2 52 0
1 34 3 96 2 80 0
0 57 1 5 1 0 3
0 39 2 36 0 4 3
1 25 2 84 3 39 0
1 44 0 56 2 47 1
0 28 1 74 1 42 3
0 42 3 28 1 37 0
1 42 0 26 3 86 3
0 77 3 11 1 95 0
1 43 1 59 3 10 1
0 4 1 58 2 48 2
1 37 2 4 3 18 3
0 4 2 76 2 41 0
1 36 0 7 3 33 2
0 95 0 18 3 17 0
1 65 2 28 2 69 0
0 87 3 36 0 61 1
0 2 1 33 3 13 0
0 46 3 29 1 7 3
0 76 0 89 1 38 1
1 59 1 33 3 69 2
1 82 3 21 1 40 2
0 53 3 50 3 6 3
0 65 3 36 1 3 1
0 93 2 81 1 47 3
0 68 1 95 3 24 0
0 16 2 16 1 73 2
0 79 2 16 0 29 0
1 84 1 19 1 75 1
0 22 0 86 3 57 1
0 33 1 30 1 28 2
0 1 0 94 1 66 2
1 95 2 11 3 95 2
1 70 3 95 0 3 2
1 60 3 29 1 69 3
0 97 1 16 2 78 2
1 44 0 57 0 38 0
1 33 2 84 3 90 0
0 93 2 35 2 81 1
1 2 0 98 3 42 2
0 20 1 81 0 1 2
0 92 2 32 1 17 0
1 7 0 33 0 66 0
0 0 1 62 2 70 0
0 12 2 56 0 3 1
0 57 0 57 1 94 1
0 60 2 94 0 42 2
1 22 1 41 2 86 1
0 58 0 54 2 52 1
0 80 1 82 1 22 1
0 23 1 8 3 87 3
1 81 1 34 0 14 0
0 0 1 10 2 45 0
0 49 2 0 1 95 2
0 17 0 49 0 1 1
0 41 0 75 2 21 2
0 35 2 76 3 43 3
0 41 3 46 2 25 3
0 20 1 90 2 61 3
0 15 1 62 0 9 2
0 31 0 61 2 42 1
0 37 0 4 2 84 2
1 61 1 45 2 31 3
0 92 3 6 3 76 1
1 85 3 98 0 63 3
1 57 0 41 2 29 1
1 13 3 50 2 97 3
0 80 2 32 0 61 3
0 37 0 99 3 75 1
1 90 0 26 3 61 3
1 90 0 74 3 64 0
1 13 3 42 1 6 2
1 67 1 49 1 29 1
0 56 2 71 2 63 2
1 76 1 43 2 86 1
1 2 2 58 3 65 0
0 60 2 94 0 42 2
1 22 1 41 2 86 1
0 58 0 54 2 52 1
0 80 1 82 1 22 1
0 23 1 8 3 87 3
1 81 1 34 0 14 0
0 0 1 10 2 45 0
0 49 2 0 1 95 2
0 17 0 49 0 1 1
0 41 0 75 2 21 2
0 35 2 76 3 43 3
0 41 3 46 2 25 3
0 20 1 90 2 61 3
0 15 1 62 0 9 2
0 31 0 61 2 42 1
0 37 0 4 2 84 2
1 61 1 45 2 31 3
0 92 3 6 3 76 1
1 85 3 98 0 63 3
1 57 0 41 2 29 1
1 13 3 50 2 97 3
0 80 2 32 0 61 3
0 37 0 99 3 75 1
1 90 0 26 3 61 3
1 90 0 74 3 64 0
1 13 3 42 1 6 2
1 67 1 49 1 29 1
0 56 2 71 2 63 2
1 76 1 43 2 86 1
1 2 2 58 3 65 0
0 60 2 94 0 42 2
1 22 1 41 2 86 1
0 58 0 54 2 52 1
0 80 1 82 1 22 1
0 23 1 8 3 87 3
1 81 1 34 0 14 0
0 0 1 10 2 45 0
0 49 2 0 1 95 2
0 17 0 49 0 1 1
0 41 0 75 2 21 2
0 35 2 76 3 43 3
0 41 3 46 2 25 3
0 20 1 90 2 61 3
0 15 1 62 0 9 2
0 31 0 61 2 42 1
0 37 0 4 2 84 2
1 61 1 45 2 31 3
0 92 3 6 3 76 1
1 85 3 98 0 63 3
1 57 0 41 2 29 1
1 13 3 50 2 97 3
0 80 2 32 0 61 3
0 37 0 99 3 75 1
1 90 0 26 3 61 3
1 90 0 74 3 64 0
1 13 3 42 1 6 2
1 67 1 49 1 29 1
0 56 2 71 2 63 2
1 76 1 43 2 86 1
1 2 2 58 3 65 0
0 11 1 11 2 14 0
1 80 1 33 0 58 3
1 28 3 41 0 34 1
0 89 2 77 2 70 2
1 17 3 26 0 40 1
1 54 2 74 3 55 3
1 13 3 58 2 62 3
0 48 0 67 2 39 0
0 61 2 84 2 9 2
1 49 3 62 0 89 0
1 96 3 14 2 2 1
0 17 0 46 1 77 1
1 16 1 92 1 91 0
0 0 2 71 2 93 1
0 83 1 5 3 20 3
1 75 0 49 0 21 0
1 98 1 65 2 23 1
1 14 1 7 3 27 2
1 20 3 31 3 40 0
1 13 3 28 0 56 2
0 29 2 93 3 43 2
1 66 3 44 1 4 0
0 83 2 73 0 2 0
1 94 0 94 3 3 3
1 59 1 31 0 87 1
1 30 3 64 1 59 1
0 15 1 34 3 51 3
1 53 3 62 0 59 1
1 62 0 7 2 93 2
0 32 3 34 2 59 2
0 60 2 94 0 42 2
1 22 1 41 2 86 1
0 58 0 54 2 52 1
0 80 1 82 1 22 1
0 23 1 8 3 87 3
1 81 1 34 0 14 0
0 0 1 10 2 45 0
0 49 2 0 1 95 2
0 17 0 49 0 1 1
0 41 0 75 2 21 2
0 35 2 76 3 43 3
0 41 3 46 2 25 3
0 20 1 90 2 61 3
0 15 1 62 0 9 2
0 31 0 61 2 42 1
0 37 0 4 2 84 2
1 61 1 45 2 31 3
0 92 3 6 3 76 1
1 85 3 98 0 63 3
1 57 0 41 2 29 1
1 13 3 50 2 97 3
0 80 2 32 0 61 3
0 37 0 99 3 75 1
1 90 0 26 3 61 3
1 90 0 74 3 64 0
1 13 3 42 1 6 2
1 67 1 49 1 29 1
0 56 2 71 2 63 2
1 76 1 43 2 86 1
1 2 2 58 3 65 0
0 60 2 94 0 42 2
1 22 1 41 2 86 1
0 58 0 54 2 52 1
0 80 1 82 1 22 1
0 23 1 8 3 87 3
1 81 1 34 0 14 0
0 0 1 10 2 45 0
0 49 2 0 1 95 2
0 17 0 49 0 1 1
0 41 0 75 2 21 2
0 35 2 76 3 43 3
0 41 3 46 2 25 3
0 20 1 90 2 61 3
0 15 1 62 0 9 2
0 31 0 61 2 42 1
0 37 0 4 2 84 2
1 61 1 45 2 31 3
0 92 3 6 3 76 1
1 85 3 98 0 63 3
1 57 0 41 2 29 1
1 13 3 50 2 97 3
0 80 2 32 0 61 3
0 37 0 99 3 75 1
1 90 0 26 3 61 3
1 90 0 74 3 64 0
1 13 3 42 1 6 2
1 67 1 49 1 29 1
0 56 2 71 2 63 2
1 76 1 43 2 86 1
1 2 2 58 3 65 0
0 60 2 94 0 42 2
1 22 1 41 2 86 1
0 58 0 54 2 52 1
0 80 1 82 1 22 1
0 23 1 8 3 87 3
1 81 1 34 0 14 0
0 0 1 10 2 45 0
0 49 2 0 1 95 2
0 17 0 49 0 1 1
0 41 0 75 2 21 2
0 35 2 76 3 43 3
0 41 3 46 2 25 3
0 20 1 90 2 61 3
0 15 1 62 0 9 2
0 31 0 61 2 42 1
0 37 0 4 2 84 2
1 61 1 45 2 31 3
0 92 3 6 3 76 1
1 85 3 98 0 63 3
1 57 0 41 2 29 1
1 13 3 50 2 97 3
0 80 2 32 0 61 3
0 37 0 99 3 75 1
1 90 0 26 3 61 3
1 90 0 74 3 64 0
1 13 3 42 1 6 2
1 67 1 49 1 29 1
0 56 2 71 2 63 2
1 76 1 43 2 86 1
1 2 2 58 3 65 0
0 60 2 94 0 42 2
1 22 1 41 2 86 1
0 58 0 54 2 52 1
0 80 1 82 1 22 1
0 23 1 8 3 87 3
1 81 1 34 0 14 0
0 0 1 10 2 45 0
0 49 2 0 1 95 2
0 17 0 49 0 1 1
0 41 0 75 2 21 2
0 35 2 76 3 43 3
0 41 3 46 2 25 3
0 20 1 90 2 61 3
0 15 1 62 0 9 2
0 31 0 61 2 42 1
0 37 0 4 2 84 2
1 61 1 45 2 31 3
0 92 3 6 3 76 1
1 85 3 98 0 63 3
1 57 0 41 2 29 1
1 13 3 50 2 97 3
0 80 2 32 0 61 3
0 37 0 99 3 75 1
1 90 0 26 3 61 3
1 90 0 74 3 64 0
1 13 3 42 1 6 2
1 67 1 49 1 29 1
0 56 2 71 2 63 2
1 76 1 43 2 86 1
1 2 2 58 3 65 0
1 18 3 45 1 76 3
0 80 2 39 1 53 2
1 12 3 93 3 3 0
1 96 2 15 0 62 1
0 21 0 6 3 63 3
0 92 3 65 0 73 0
1 79 2 43 3 77 0
0 80 0 19 0 82 3
0 44 0 3 1 88 1
0 4 0 89 0 99 2
0 25 2 25 0 21 0
1 98 0 66 3 96 1
1 79 0 68 3 13 3
1 1 0 53 1 96 2
1 96 0 21 1 59 3
1 32 3 72 2 24 2
1 20 0 25 3 4 1
1 17 0 20 3 48 1
0 44 0 82 0 68 3
1 79 2 42 3 22 3
0 46 1 11 2 37 0
0 42 1 45 3 97 1
0 45 2 59 2 62 1
0 83 0 52 2 51 2
0 73 1 76 3 71 3
1 8 0 7 2 9 0
0 7 1 92 0 16 3
0 78 0 33 1 93 1
0 96 3 58 1 45 2
0 16 1 29 0 5 1
1 15 1 89 2 67 1
0 83 1 77 1 81 2
1 26 3 7 2 82 1
1 27 3 83 3 32 1
0 38 2 47 1 99 0
1 66 1 61 1 6 2
1 40 0 94 2 3 1
1 86 2 84 1 77 0
1 9 1 81 3 91 0
0 90 0 87 1 37 1
0 96 3 25 0 92 3
0 95 0 95 1 46 0
1 23 0 8 1 89 1
0 80 1 41 2 37 0
1 26 1 42 2 69 3
0 13 3 13 0 15 0
0 62 0 93 1 92 1
0 33 2 7 1 11 0
0 48 0 19 2 58 1
1 79 1 7 0 24 0
0 39 1 46 1 69 3
1 14 0 61 3 82 0
1 93 0 1 1 49 0
0 59 2 17 2 19 0
0 95 1 82 2 26 1
0 47 0 31 1 13 0
1 47 1 26 1 85 3
0 86 3 6 1 89 3
1 8 0 17 3 49 0
0 75 1 82 2 5 1
0 60 2 94 0 42 2
1 22 1 41 2 86 1
0 58 0 54 2 52 1
0 80 1 82 1 22 1
0 23 1 8 3 87 3
1 81 1 34 0 14 0
0 0 1 10 2 45 0
0 49 2 0 1 95 2
0 17 0 49 0 1 1
0 41 0 75 2 21 2
0 35 2 76 3 43 3
0 41 3 46 2 25 3
0 20 1 90 2 61 3
0 15 1 62 0 9 2
0 31 0 61 2 42 1
0 37 0 4 2 84 2
1 61 1 45 2 31 3
0 92 3 6 3 76 1
1 85 3 98 0 63 3
1 57 0 41 2 29 1
1 13 3 50 2 97 3
0 80 2 32 0 61 3
0 37 0 99 3 75 1
1 90 0 26 3 61 3
1 90 0 74 3 64 0
1 13 3 42 1 6 2
1 67 1 49 1 29 1
0 56 2 71 2 63 2
1 76 1 43 2 86 1
1 2 2 58 3 65 0
0 70 1 49 2 22 3
1 60 2 49 2 57 0
0 47 3 31 3 35 1
1 84 1 5 3 86 3
0 43 0 74 2 57 3
0 80 2 47 0 8 0
0 65 0 34 0 40 2
0 75 3 35 0 68 0
1 6 3 61 1 31 3
1 88 2 51 0 64 2
0 24 3 3 2 7 1
0 47 3 78 3 70 1
1 90 1 58 0 36 0
0 67 3 17 0 22 1
0 38 3 93 3 22 0
1 30 1 11 1 89 2
0 11 3 87 2 13 2
0 1 2 52 1 29 2
1 3 3 9 2 66 2
1 89 2 62 3 36 1
0 77 3 5 0 75 0
0 40 2 97 1 64 1
0 46 3 43 1 18 1
1 85 3 52 2 58 2
1 46 0 49 3 59 2
1 34 3 58 2 45 3
0 62 0 82 0 84 2
1 2 3 5 3 38 1
1 48 0 62 2 16 0
1 27 2 33 2 73 3
0 60 2 94 0 42 2
1 22 1 41 2 86 1
0 58 0 54 2 52 1
0 80 1 82 1 22 1
0 23 1 8 3 87 3
1 81 1 34 0 14 0
0 0 1 10 2 45 0
0 49 2 0 1 95 2
0 17 0 49 0 1 1
0 41 0 75 2 21 2
0 35 2 76 3 43 3
0 41 3 46 2 25 3
0 20 1 90 2 61 3
0 15 1 62 0 9 2
0 31 0 61 2 42 1
0 37 0 4 2 84 2
1 61 1 45 2 31 3
0 92 3 6 3 76 1
1 85 3 98 0 63 3
1 57 0 41 2 29 1
1 13 3 50 2 97 3
0 80 2 32 0 61 3
0 37 0 99 3 75 1
1 90 0 26 3 61 3
1 90 0 74 3 64 0
1 13 3 42 1 6 2
1 67 1 49 1 29 1
0 56 2 71 2 63 2
1 76 1 43 2 86 1
1 2 2 58 3 65 0
0 60 2 94 0 42 2
1 22 1 41 2 86 1
0 58 0 54 2 52 1
0 80 1 82 1 22 1
0 23 1 8 3 87 3
1 81 1 34 0 14 0
0 0 1 10 2 45 0
0 49 2 0 1 95 2
0 17 0 49 0 1 1
0 41 0 75 2 21 2
0 35 2 76 3 43 3
0 41 3 46 2 25 3
0 20 1 90 2 61 3
0 15 1 62 0 9 2
0 31 0 61 2 42 1
0 37 0 4 2 84 2
1 61 1 45 2 31 3
0 92 3 6 3 76 1
1 85 3 98 0 63 3
1 57 0 41 2 29 1
1 13 3 50 2 97 3
0 80 2 32 0 61 3
0 37 0 99 3 75 1
1 90 0 26 3 61 3
1 90 0 74 3 64 0
1 13 3 42 1 6 2
1 67 1 49 1 29 1
0 56 2 71 2 63 2
1 76 1 43 2 86 1
1 2 2 58 3 65 0
0 60 2 94 0 42 2
1 22 1 41 2 86 1
0 58 0 54 2 52 1
0 80 1 82 1 22 1
0 23 1 8 3 87 3
1 81 1 34 0 14 0
0 0 1 10 2 45 0
0 49 2 0 1 95 2
0 17 0 49 0 1 1
0 41 0 75 2 21 2
0 35 2 76 3 43 3
0 41 3 46 2 25 3
0 20 1 90 2 61 3
0 15 1 62 0 9 2
0 31 0 61 2 42 1
0 37 0 4 2 84 2
1 61 1 45 2 31 3
0 92 3 6 3 76 1
1 85 3 98 0 63 3
1 57 0 41 2 29 1
1 13 3 50 2 97 3
0 80 2 32 0 61 3
0 37 0 99 3 75 1
1 90 0 26 3 61 3
1 90 0 74 3 64 0
1 13 3 42 1 6 2
1 67 1 49 1 29 1
0 56 2 71 2 63 2
1 76 1 43 2 86 1
1 2 2 58 3 65 0
0 60 2 94 0 42 2
1 22 1 41 2 86 1
0 58 0 54 2 52 1
0 80 1 82 1 22 1
0 23 1 8 3 87 3
1 81 1 34 0 14 0
0 0 1 10 2 45 0
0 49 2 0 1 95 2
0 17 0 49 0 1 1
0 41 0 75 2 21 2
0 35 2 76 3 43 3
0 41 3 46 2 25 3
0 20 1 90 2 61 3
0 15 1 62 0 9 2
0 31 0 61 2 42 1
0 37 0 4 2 84 2
1 61 1 45 2 31 3
0 92 3 6 3 76 1
1 85 3 98 0 63 3
1 57 0 41 2 29 1
1 13 3 50 2 97 3
0 80 2 32 0 61 3
0 37 0 99 3 75 1
1 90 0 26 3 61 3
1 90 0 74 3 64 0
1 13 3 42 1 6 2
1 67 1 49 1 29 1
0 56 2 71 2 63 2
1 76 1 43 2 86 1
1 2 2 58 3 65 0
0 60 2 94 0 42 2
1 22 1 41 2 86 1
0 58 0 54 2 52 1
0 80 1 82 1 22 1
0 23 1 8 3 87 3
1 81 1 34 0 14 0
0 0 1 10 2 45 0
0 49 2 0 1 95 2
0 17 0 49 0 1 1
0 41 0 75 2 21 2
0 35 2 76 3 43 3
0 41 3 46 2 25 3
0 20 1 90 2 61 3
0 15 1 62 0 9 2
0 31 0 61 2 42 1
0 37 0 4 2 84 2
1 61 1 45 2 31 3
0 92 3 6 3 76 1
1 85 3 98 0 63 3
1 57 0 41 2 29 1
1 13 3 50 2 97 3
0 80 2 32 0 61 3
0 37 0 99 3 75 1
1 90 0 26 3 61 3
1 90 0 74 3 64 0
1 13 3 42 1 6 2
1 67 1 49 1 29 1
0 56 2 71 2 63 2
1 76 1 43 2 86 1
1 2 2 58 3 65 0
0 60 2 94 0 42 2
1 22 1 41 2 86 1
0 58 0 54 2 52 1
0 80 1 82 1 22 1
0 23 1 8 3 87 3
1 81 1 34 0 14 0
0 0 1 10 2 45 0
0 49 2 0 1 95 2
0 17 0 49 0 1 1
0 41 0 75 2 21 2
0 35 2 76 3 43 3
0 41 3 46 2 25 3
0 20 1 90 2 61 3
0 15 1 62 0 9 2
0 31 0 61 2 42 1
0 37 0 4 2 84 2
1 61 1 45 2 31 3
0 92 3 6 3 76 1
1 85 3 98 0 63 3
1 57 0 41 2 29 1
1 13 3 50 2 97 3
0 80 2 32 0 61 3
0 37 0 99 3 75 1
1 90 0 26 3 61 3
1 90 0 74 3 64 0
1 13 3 42 1 6 2
1 67 1 49 1 29 1
0 56 2 71 2 63 2
1 76 1 43 2 86 1
1 2 2 58 3 65 0
0 60 2 94 0 42 2
1 22 1 41 2 86 1
0 58 0 54 2 52 1
0 80 1 82 1 22 1
0 23 1 8 3 87 3
1 81 1 34 0 14 0
0 0 1 10 2 45 0
0 49 2 0 1 95 2
0 17 0 49 0 1 1
0 41 0 75 2 21 2
0 35 2 76 3 43 3
0 41 3 46 2 25 3
0 20 1 90 2 61 3
0 15 1 62 0 9 2
0 31 0 61 2 42 1
0 37 0 4 2 84 2
1 61 1 45 2 31 3
0 92 3 6 3 76 1
1 85 3 98 0 63 3
1 57 0 41 2 29 1
1 13 3 50 2 97 3
0 80 2 32 0 61 3
0 37 0 99 3 75 1
1 90 0 26 3 61 3
1 90 0 74 3 64 0
1 13 3 42 1 6 2
1 67 1 49 1 29 1
0 56 2 71 2 63 2
1 76 1 43 2 86 1
1 2 2 58 3 65 0
0 60 2 94 0 42 2
1 22 1 41 2 86 1
0 58 0 54 2 52 1
0 80 1 82 1 22 1
0 23 1 8 3 87 3
1 81 1 34 0 14 0
0 0 1 10 2 45 0
0 49 2 0 1 95 2
0 17 0 49 0 1 1
0 41 0 75 2 21 2
0 35 2 76 3 43 3
0 41 3 46 2 25 3
0 20 1 90 2 61 3
0 15 1 62 0 9 2
0 31 0 61 2 42 1
0 37 0 4 2 84 2
1 61 1 45 2 31 3
0 92 3 6 3 76 1
1 85 3 98 0 63 3
1 57 0 41 2 29 1
1 13 3 50 2 97 3
0 80 2 32 0 61 3
0 37 0 99 3 75 1
1 90 0 26 3 61 3
1 90 0 74 3 64 0
1 13 3 42 1 6 2
1 67 1 49 1 29 1
0 56 2 71 2 63 2
1 76 1 43 2 86 1
1 2 2 58 3 65 0
0 60 2 94 0 42 2
1 22 1 41 2 86 1
0 58 0 54 2 52 1
0 80 1 82 1 22 1
0 23 1 8 3 87 3
1 81 1 34 0 14 0
0 0 1 10 2 45 0
0 49 2 0 1 95 2
0 17 0 49 0 1 1
0 41 0 75 2 21 2
0 35 2 76 3 43 3
0 41 3 46 2 25 3
0 20 1 90 2 61 3
0 15 1 62 0 9 2
0 31 0 61 2 42 1
0 37 0 4 2 84 2
1 61 1 45 2 31 3
0 92 3 6 3 76 1
1 85 3 98 0 63 3
1 57 0 41 2 29 1
1 13 3 50 2 97 3
0 80 2 32 0 61 3
0 37 0 99 3 75 1
1 90 0 26 3 61 3
1 90 0 74 3 64 0
1 13 3 42 1 6 2
1 67 1 49 1 29 1
0 56 2 71 2 63 2
1 76 1 43 2 86 1
1 2 2 58 3 65 0
0 19 2 56 1 10 3
1 94 1 2 1 96 3
0 86 1 2 3 41 0
1 9 0 99 0 3 0
0 76 3 39 3 77 3
0 87 2 69 2 55 0
1 3 3 19 2 48 1
1 41 2 54 2 70 1
1 25 1 89 2 16 0
1 45 0 30 1 66 3
1 74 3 2 1 59 1
1 7 3 92 1 33 3
1 3 0 90 1 94 0
1 10 0 36 0 92 2
1 11 2 60 1 97 2
0 56 3 30 0 30 2
1 63 1 68 3 26 3
0 20 3 35 2 7 3
0 0 2 31 3 12 3
0 9 1 62 2 93 0
0 23 3 99 3 40 3
0 66 2 10 2 25 1
1 33 0 11 1 62 3
0 74 2 48 0 96 2
0 41 3 84 0 22 3
1 62 2 65 1 85 3
1 62 0 40 3 45 0
0 7 3 32 2 37 0
0 33 3 72 2 50 0
1 24 3 50 2 97 0
0 60 2 94 0 42 2
1 22 1 41 2 86 1
0 58 0 54 2 52 1
0 80 1 82 1 22 1
0 23 1 8 3 87 3
1 81 1 34 0 14 0
0 0 1 10 2 45 0
0 49 2 0 1 95 2
0 17 0 49 0 1 1
0 41 0 75 2 21 2
0 35 2 76 3 43 3
0 41 3 46 2 25 3
0 20 1 90 2 61 3
0 15 1 62 0 9 2
0 31 0 61 2 42 1
0 37 0 4 2 84 2
1 61 1 45 2 31 3
0 92 3 6 3 76 1
1 85 3 98 0 63 3
1 57 0 41 2 29 1
1 13 3 50 2 97 3
0 80 2 32 0 61 3
0 37 0 99 3 75 1
1 90 0 26 3 61 3
1 90 0 74 3 64 0
1 13 3 42 1 6 2
1 67 1 49 1 29 1
0 56 2 71 2 63 2
1 76 1 43 2 86 1
1 2 2 58 3 65 0
1 34 3 91 1 20 3
0 65 3 29 0 34 1
0 72 2 28 1 41 0
0 43 0 79 3 3 1
1 1 1 29 3 93 0
0 13 3 29 2 91 2
0 77 3 65 1 17 1
1 10 2 95 1 6 2
0 10 3 82 3 57 3
0 50 3 35 3 38 0
1 81 2 3 3 93 0
0 63 2 23 1 12 2
1 70 0 55 0 56 1
1 65 0 46 3 87 1
0 78 1 79 3 19 2
0 12 3 87 3 69 2
1 81 1 84 3 85 3
0 41 1 31 2 85 1
1 73 2 7 3 55 2
0 74 1 89 3 76 0
0 45 2 19 2 27 3
1 13 3 17 2 76 1
1 61 2 90 2 89 2
1 44 0 56 3 9 1
0 85 1 28 2 63 0
0 43 3 42 0 50 3
0 78 0 79 0 39 2
0 28 0 20 0 56 0
1 66 1 9 3 46 2
0 61 2 94 0 97 0
0 60 2 94 0 42 2
1 22 1 41 2 86 1
0 58 0 54 2 52 1
0 80 1 82 1 22 1
0 23 1 8 3 87 3
1 81 1 34 0 14 0
0 0 1 10 2 45 0
0 49 2 0 1 95 2
0 17 0 49 0 1 1
0 41 0 75 2 21 2
0 35 2 76 3 43 3
0 41 3 46 2 25 3
0 20 1 90 2 61 3
0 15 1 62 0 9 2
0 31 0 61 2 42 1
0 37 0 4 2 84 2
1 61 1 45 2 31 3
0 92 3 6 3 76 1
1 85 3 98 0 63 3
1 57 0 41 2 29 1
1 13 3 50 2 97 3
0 80 2 32 0 61 3
0 37 0 99 3 75 1
1 90 0 26 3 61 3
1 90 0 74 3 64 0
1 13 3 42 1 6 2
1 67 1 49 1 29 1
0 56 2 71 2 63 2
1 76 1 43 2 86 1
1 2 2 58 3 65 0
0 60 2 94 0 42 2
1 22 1 41 2 86 1
0 58 0 54 2 52 1
0 80 1 82 1 22 1
0 23 1 8 3 87 3
1 81 1 34 0 14 0
0 0 1 10 2 45 0
0 49 2 0 1 95 2
0 17 0 49 0 1 1
0 41 0 75 2 21 2
0 35 2 76 3 43 3
0 41 3 46 2 25 3
0 20 1 90 2 61 3
0 15 1 62 0 9 2
0 31 0 61 2 42 1
0 37 0 4 2 84 2
1 61 1 45 2 31 3
0 92 3 6 3 76 1
1 85 3 98 0 63 3
1 57 0 41 2 29 1
1 13 3 50 2 97 3
0 80 2 32 0 61 3
0 37 0 99 3 75 1
1 90 0 26 3 61 3
1 90 0 74 3 64 0
1 13 3 42 1 6 2
1 67 1 49 1 29 1
0 56 2 71 2 63 2
1 76 1 43 2 86 1
1 2 2 58 3 65 0
0 60 2 94 0 42 2
1 22 1 41 2 86 1
0 58 0 54 2 52 1
0 80 1 82 1 22 1
0 23 1 8 3 87 3
1 81 1 34 0 14 0
0 0 1 10 2 45 0
0 49 2 0 1 95 2
0 17 0 49 0 1 1
0 41 0 75 2 21 2
0 35 2 76 3 43 3
0 41 3 46 2 25 3
0 20 1 90 2 61 3
0 15 1 62 0 9 2
0 31 0 61 2 42 1
0 37 0 4 2 84 2
1 61 1 45 2 31 3
0 92 3 6 3 76 1
1 85 3 98 0 63 3
1 57 0 41 2 29 1
1 13 3 50 2 97 3
0 80 2 32 0 61 3
0 37 0 99 3 75 1
1 90 0 26 3 61 3
1 90 0 74 3 64 0
1 13 3 42 1 6 2
1 67 1 49 1 29 1
0 56 2 71 2 63 2
1 76 1 43 2 86 1
1 2 2 58 3 65 0
0 60 2 94 0 42 2
1 22 1 41 2 86 1
0 58 0 54 2 52 1
0 80 1 82 1 22 1
0 23 1 8 3 87 3
1 81 1 34 0 14 0
0 0 1 10 2 45 0
0 49 2 0 1 95 2
0 17 0 49 0 1 1
0 41 0 75 2 21 2
0 35 2 76 3 43 3
0 41 3 46 2 25 3
0 20 1 90 2 61 3
0 15 1 62 0 9 2
0 31 0 61 2 42 1
0 37 0 4 2 84 2
1 61 1 45 2 31 3
0 92 3 6 3 76 1
1 85 3 98 0 63 3
1 57 0 41 2 29 1
1 13 3 50 2 97 3
0 80 2 32 0 61 3
0 37 0 99 3 75 1
1 90 0 26 3 61 3
1 90 0 74 3 64 0
1 13 3 42 1 6 2
1 67 1 49 1 29 1
0 56 2 71 2 63 2
1 76 1 43 2 86 1
1 2 2 58 3 65 0
0 60 2 94 0 42 2
1 22 1 41 2 86 1
0 58 0 54 2 52 1
0 80 1 82 1 22 1
0 23 1 8 3 87 3
1 81 1 34 0 14 0
0 0 1 10 2 45 0
0 49 2 0 1 95 2
0 17 0 49 0 1 1
0 41 0 75 2 21 2
0 35 2 76 3 43 3
0 41 3 46 2 25 3
0 20 1 90 2 61 3
0 15 1 62 0 9 2
0 31 0 61 2 42 1
0 37 0 4 2 84 2
1 61 1 45 2 31 3
0 92 3 6 3 76 1
1 85 3 98 0 63 3
1 57 0 41 2 29 1
1 13 3 50 2 97 3
0 80 2 32 0 61 3
0 37 0 99 3 75 1
1 90 0 26 3 61 3
1 90 0 74 3 64 0
1 13 3 42 1 6 2
1 67 1 49 1 29 1
0 56 2 71 2 63 2
1 76 1 43 2 86 1
-1 2 2 58 3 65 0
