1 232 2 170 2 398 0
0 938 3 100 3 504 2
0 560 0 670 1 330 3
0 455 1 674 3 345 1
1 298 0 792 2 374 3
1 124 3 45 3 942 1
0 447 0 0 3 436 3
0 118 2 81 1 751 3
1 96 0 976 2 952 1
1 678 0 510 3 651 3
1 709 0 228 1 192 3
0 645 1 938 0 432 1
0 103 3 746 1 932 1
1 883 2 247 0 42 3
0 549 3 29 3 55 2
0 599 1 280 1 278 3
1 62 0 729 2 540 3
1 472 1 46 3 55 2
0 449 1 316 3 773 2
0 180 0 386 0 953 3
1 709 0 228 1 192 3
0 645 1 938 0 432 1
0 103 3 746 1 932 1
1 883 2 247 0 42 3
0 549 3 29 3 55 2
0 599 1 280 1 278 3
1 62 0 729 2 540 3
1 472 1 46 3 55 2
0 449 1 316 3 773 2
0 180 0 386 0 953 3
0 593 1 452 0 697 0
1 485 3 472 0 541 1
1 644 0 738 0 533 3
1 837 0 468 0 272 2
1 923 1 945 0 290 1
1 987 1 12 1 381 0
1 274 1 606 3 458 1
1 991 0 850 0 248 2
0 520 0 775 3 238 0
1 528 1 924 0 375 1
1 709 0 228 1 192 3
0 645 1 938 0 432 1
0 103 3 746 1 932 1
1 883 2 247 0 42 3
0 549 3 29 3 55 2
0 599 1 280 1 278 3
1 62 0 729 2 540 3
1 472 1 46 3 55 2
0 449 1 316 3 773 2
0 180 0 386 0 953 3
1 709 0 228 1 192 3
0 645 1 938 0 432 1
0 103 3 746 1 932 1
1 883 2 247 0 42 3
0 549 3 29 3 55 2
0 599 1 280 1 278 3
1 62 0 729 2 540 3
1 472 1 46 3 55 2
0 449 1 316 3 773 2
0 180 0 386 0 953 3
1 709 0 228 1 192 3
0 645 1 938 0 432 1
0 103 3 746 1 932 1
1 883 2 247 0 42 3
0 549 3 29 3 55 2
0 599 1 280 1 278 3
1 62 0 729 2 540 3
1 472 1 46 3 55 2
0 449 1 316 3 773 2
0 180 0 386 0 953 3
1 709 0 228 1 192 3
0 645 1 938 0 432 1
0 103 3 746 1 932 1
1 883 2 247 0 42 3
0 549 3 29 3 55 2
0 599 1 280 1 278 3
1 62 0 729 2 540 3
1 472 1 46 3 55 2
0 449 1 316 3 773 2
0 180 0 386 0 953 3
1 709 0 228 1 192 3
0 645 1 938 0 432 1
0 103 3 746 1 932 1
1 883 2 247 0 42 3
0 549 3 29 3 55 2
0 599 1 280 1 278 3
1 62 0 729 2 540 3
1 472 1 46 3 55 2
0 449 1 316 3 773 2
0 180 0 386 0 953 3
1 756 1 770 2 219 0
1 29 1 313 0 485 3
0 733 2 953 1 834 0
0 72 1 416 1 974 0
1 349 1 162 1 107 0
0 678 0 141 3 86 2
1 571 2 983 1 100 0
0 934 1 15 3 170 3
0 144 3 781 2 753 3
1 860 3 143 2 591 1
1 709 0 228 1 192 3
0 645 1 938 0 432 1
0 103 3 746 1 932 1
1 883 2 247 0 42 3
0 549 3 29 3 55 2
0 599 1 280 1 278 3
1 62 0 729 2 540 3
1 472 1 46 3 55 2
0 449 1 316 3 773 2
0 180 0 386 0 953 3
1 709 0 228 1 192 3
0 645 1 938 0 432 1
0 103 3 746 1 932 1
1 883 2 247 0 42 3
0 549 3 29 3 55 2
0 599 1 280 1 278 3
1 62 0 729 2 540 3
1 472 1 46 3 55 2
0 449 1 316 3 773 2
0 180 0 386 0 953 3
1 29 3 28 1 357 3
0 809 0 872 0 669 3
1 191 2 767 3 794 0
1 547 3 837 3 774 0
1 717 1 598 3 5 2
0 362 1 310 0 289 2
0 958 2 75 1 92 2
1 238 2 370 1 289 3
0 63 0 897 0 805 3
1 810 1 931 1 815 1
1 709 0 228 1 192 3
0 645 1 938 0 432 1
0 103 3 746 1 932 1
1 883 2 247 0 42 3
0 549 3 29 3 55 2
0 599 1 280 1 278 3
1 62 0 729 2 540 3
1 472 1 46 3 55 2
0 449 1 316 3 773 2
0 180 0 386 0 953 3
1 104 0 669 3 198 0
0 642 2 401 1 32 0
0 321 3 267 0 871 0
0 677 0 452 3 541 3
0 356 1 765 1 753 2
0 303 2 792 1 820 2
0 852 2 901 1 353 0
1 225 0 482 2 104 2
1 998 1 810 2 646 3
1 751 2 747 2 892 0
1 709 0 228 1 192 3
0 645 1 938 0 432 1
0 103 3 746 1 932 1
1 883 2 247 0 42 3
0 549 3 29 3 55 2
0 599 1 280 1 278 3
1 62 0 729 2 540 3
1 472 1 46 3 55 2
0 449 1 316 3 773 2
0 180 0 386 0 953 3
1 709 0 228 1 192 3
0 645 1 938 0 432 1
0 103 3 746 1 932 1
1 883 2 247 0 42 3
0 549 3 29 3 55 2
0 599 1 280 1 278 3
1 62 0 729 2 540 3
1 472 1 46 3 55 2
0 449 1 316 3 773 2
0 180 0 386 0 953 3
0 65 2 234 1 108 3
1 461 3 56 2 748 2
0 852 0 90 2 494 0
1 140 3 428 0 541 0
0 786 0 2 3 858 1
0 318 0 563 3 84 0
0 832 2 166 0 335 0
1 181 0 796 1 688 0
1 229 0 864 3 172 2
0 382 3 339 0 532 2
1 709 0 228 1 192 3
0 645 1 938 0 432 1
0 103 3 746 1 932 1
1 883 2 247 0 42 3
0 549 3 29 3 55 2
0 599 1 280 1 278 3
1 62 0 729 2 540 3
1 472 1 46 3 55 2
0 449 1 316 3 773 2
0 180 0 386 0 953 3
1 709 0 228 1 192 3
0 645 1 938 0 432 1
0 103 3 746 1 932 1
1 883 2 247 0 42 3
0 549 3 29 3 55 2
0 599 1 280 1 278 3
1 62 0 729 2 540 3
1 472 1 46 3 55 2
0 449 1 316 3 773 2
0 180 0 386 0 953 3
1 709 0 228 1 192 3
0 645 1 938 0 432 1
0 103 3 746 1 932 1
1 883 2 247 0 42 3
0 549 3 29 3 55 2
0 599 1 280 1 278 3
1 62 0 729 2 540 3
1 472 1 46 3 55 2
0 449 1 316 3 773 2
0 180 0 386 0 953 3
0 616 2 354 0 89 0
0 776 1 75 1 637 3
0 325 0 548 3 552 0
0 77 2 493 3 438 0
0 970 2 696 2 17 2
0 106 2 926 2 403 2
1 41 1 173 2 673 1
1 578 1 548 3 468 1
0 258 1 978 0 367 2
0 384 0 608 2 999 2
1 709 0 228 1 192 3
0 645 1 938 0 432 1
0 103 3 746 1 932 1
1 883 2 247 0 42 3
0 549 3 29 3 55 2
0 599 1 280 1 278 3
1 62 0 729 2 540 3
1 472 1 46 3 55 2
0 449 1 316 3 773 2
0 180 0 386 0 953 3
0 402 0 971 3 114 1
0 787 2 787 1 56 3
0 876 0 839 2 9 1
0 729 0 584 1 568 0
0 919 2 736 2 319 0
1 433 1 983 0 775 3
0 183 2 14 3 243 1
1 604 3 611 1 515 3
1 435 3 459 3 226 3
1 545 3 850 2 164 2
1 709 0 228 1 192 3
0 645 1 938 0 432 1
0 103 3 746 1 932 1
1 883 2 247 0 42 3
0 549 3 29 3 55 2
0 599 1 280 1 278 3
1 62 0 729 2 540 3
1 472 1 46 3 55 2
0 449 1 316 3 773 2
0 180 0 386 0 953 3
1 709 0 228 1 192 3
0 645 1 938 0 432 1
0 103 3 746 1 932 1
1 883 2 247 0 42 3
0 549 3 29 3 55 2
0 599 1 280 1 278 3
1 62 0 729 2 540 3
1 472 1 46 3 55 2
0 449 1 316 3 773 2
0 180 0 386 0 953 3
1 709 0 228 1 192 3
0 645 1 938 0 432 1
0 103 3 746 1 932 1
1 883 2 247 0 42 3
0 549 3 29 3 55 2
0 599 1 280 1 278 3
1 62 0 729 2 540 3
1 472 1 46 3 55 2
0 449 1 316 3 773 2
0 180 0 386 0 953 3
1 709 0 228 1 192 3
0 645 1 938 0 432 1
0 103 3 746 1 932 1
1 883 2 247 0 42 3
0 549 3 29 3 55 2
0 599 1 280 1 278 3
1 62 0 729 2 540 3
1 472 1 46 3 55 2
0 449 1 316 3 773 2
0 180 0 386 0 953 3
1 709 0 228 1 192 3
0 645 1 938 0 432 1
0 103 3 746 1 932 1
1 883 2 247 0 42 3
0 549 3 29 3 55 2
0 599 1 280 1 278 3
1 62 0 729 2 540 3
1 472 1 46 3 55 2
0 449 1 316 3 773 2
0 180 0 386 0 953 3
1 709 0 228 1 192 3
0 645 1 938 0 432 1
0 103 3 746 1 932 1
1 883 2 247 0 42 3
0 549 3 29 3 55 2
0 599 1 280 1 278 3
1 62 0 729 2 540 3
1 472 1 46 3 55 2
0 449 1 316 3 773 2
0 180 0 386 0 953 3
1 709 0 228 1 192 3
0 645 1 938 0 432 1
0 103 3 746 1 932 1
1 883 2 247 0 42 3
0 549 3 29 3 55 2
0 599 1 280 1 278 3
1 62 0 729 2 540 3
1 472 1 46 3 55 2
0 449 1 316 3 773 2
0 180 0 386 0 953 3
0 292 1 544 3 471 3
1 66 0 784 3 787 0
0 654 3 507 2 91 2
1 317 2 178 2 121 0
0 286 2 798 2 875 3
1 699 2 644 1 370 1
0 158 1 497 0 176 0
0 267 3 699 0 837 1
0 310 2 694 0 824 1
0 52 0 284 3 146 0
1 709 0 228 1 192 3
0 645 1 938 0 432 1
0 103 3 746 1 932 1
1 883 2 247 0 42 3
0 549 3 29 3 55 2
0 599 1 280 1 278 3
1 62 0 729 2 540 3
1 472 1 46 3 55 2
0 449 1 316 3 773 2
0 180 0 386 0 953 3
1 709 0 228 1 192 3
0 645 1 938 0 432 1
0 103 3 746 1 932 1
1 883 2 247 0 42 3
0 549 3 29 3 55 2
0 599 1 280 1 278 3
1 62 0 729 2 540 3
1 472 1 46 3 55 2
0 449 1 316 3 773 2
0 180 0 386 0 953 3
1 709 0 228 1 192 3
0 645 1 938 0 432 1
0 103 3 746 1 932 1
1 883 2 247 0 42 3
0 549 3 29 3 55 2
0 599 1 280 1 278 3
1 62 0 729 2 540 3
1 472 1 46 3 55 2
0 449 1 316 3 773 2
0 180 0 386 0 953 3
1 709 0 228 1 192 3
0 645 1 938 0 432 1
0 103 3 746 1 932 1
1 883 2 247 0 42 3
0 549 3 29 3 55 2
0 599 1 280 1 278 3
1 62 0 729 2 540 3
1 472 1 46 3 55 2
0 449 1 316 3 773 2
0 180 0 386 0 953 3
1 709 0 228 1 192 3
0 645 1 938 0 432 1
0 103 3 746 1 932 1
1 883 2 247 0 42 3
0 549 3 29 3 55 2
0 599 1 280 1 278 3
1 62 0 729 2 540 3
1 472 1 46 3 55 2
0 449 1 316 3 773 2
0 180 0 386 0 953 3
1 709 0 228 1 192 3
0 645 1 938 0 432 1
0 103 3 746 1 932 1
1 883 2 247 0 42 3
0 549 3 29 3 55 2
0 599 1 280 1 278 3
1 62 0 729 2 540 3
1 472 1 46 3 55 2
0 449 1 316 3 773 2
0 180 0 386 0 953 3
0 516 1 9 2 238 2
1 415 2 93 2 537 1
1 726 2 121 1 984 0
1 809 1 216 1 905 0
0 51 0 184 3 490 1
0 728 3 785 3 266 2
0 803 3 501 2 102 2
1 86 2 256 3 155 0
0 60 0 776 3 105 1
1 595 2 681 3 262 2
1 709 0 228 1 192 3
0 645 1 938 0 432 1
0 103 3 746 1 932 1
1 883 2 247 0 42 3
0 549 3 29 3 55 2
0 599 1 280 1 278 3
1 62 0 729 2 540 3
1 472 1 46 3 55 2
0 449 1 316 3 773 2
0 180 0 386 0 953 3
1 709 0 228 1 192 3
0 645 1 938 0 432 1
0 103 3 746 1 932 1
1 883 2 247 0 42 3
0 549 3 29 3 55 2
0 599 1 280 1 278 3
1 62 0 729 2 540 3
1 472 1 46 3 55 2
0 449 1 316 3 773 2
0 180 0 386 0 953 3
1 709 0 228 1 192 3
0 645 1 938 0 432 1
0 103 3 746 1 932 1
1 883 2 247 0 42 3
0 549 3 29 3 55 2
0 599 1 280 1 278 3
1 62 0 729 2 540 3
1 472 1 46 3 55 2
0 449 1 316 3 773 2
0 180 0 386 0 953 3
1 880 0 701 3 776 2
1 878 0 188 0 967 1
0 122 1 24 3 594 1
0 699 2 85 2 676 2
1 290 0 492 2 337 1
0 465 3 475 3 924 0
1 891 1 223 1 730 0
0 676 1 251 3 571 0
1 247 3 695 2 743 3
0 432 1 618 1 184 2
1 709 0 228 1 192 3
0 645 1 938 0 432 1
0 103 3 746 1 932 1
1 883 2 247 0 42 3
0 549 3 29 3 55 2
0 599 1 280 1 278 3
1 62 0 729 2 540 3
1 472 1 46 3 55 2
0 449 1 316 3 773 2
0 180 0 386 0 953 3
0 108 2 252 3 571 3
1 653 3 617 2 532 0
1 103 1 431 3 716 2
1 811 1 653 0 454 0
1 639 2 734 3 532 2
1 103 1 816 0 297 1
0 829 2 496 1 915 3
0 631 1 229 2 126 2
0 933 2 828 0 280 2
1 164 0 122 3 121 2
1 709 0 228 1 192 3
0 645 1 938 0 432 1
0 103 3 746 1 932 1
1 883 2 247 0 42 3
0 549 3 29 3 55 2
0 599 1 280 1 278 3
1 62 0 729 2 540 3
1 472 1 46 3 55 2
0 449 1 316 3 773 2
0 180 0 386 0 953 3
1 709 0 228 1 192 3
0 645 1 938 0 432 1
0 103 3 746 1 932 1
1 883 2 247 0 42 3
0 549 3 29 3 55 2
0 599 1 280 1 278 3
1 62 0 729 2 540 3
1 472 1 46 3 55 2
0 449 1 316 3 773 2
0 180 0 386 0 953 3
1 709 0 228 1 192 3
0 645 1 938 0 432 1
0 103 3 746 1 932 1
1 883 2 247 0 42 3
0 549 3 29 3 55 2
0 599 1 280 1 278 3
1 62 0 729 2 540 3
1 472 1 46 3 55 2
0 449 1 316 3 773 2
0 180 0 386 0 953 3
1 709 0 228 1 192 3
0 645 1 938 0 432 1
0 103 3 746 1 932 1
1 883 2 247 0 42 3
0 549 3 29 3 55 2
0 599 1 280 1 278 3
1 62 0 729 2 540 3
1 472 1 46 3 55 2
0 449 1 316 3 773 2
0 180 0 386 0 953 3
0 418 0 166 0 378 2
1 293 1 521 0 402 2
0 881 0 405 2 899 1
0 531 3 761 0 455 0
1 928 2 43 3 546 2
1 276 0 832 1 222 1
1 976 3 916 1 495 1
1 394 2 113 2 461 3
0 916 3 289 0 637 1
1 536 3 842 0 471 2
0 693 3 931 2 890 3
1 738 0 255 0 778 0
0 239 3 736 3 410 2
0 48 3 599 0 254 2
0 77 0 834 3 256 2
1 146 1 672 0 134 3
1 912 0 483 0 595 0
1 358 2 67 2 957 3
0 563 1 794 0 337 1
1 593 3 556 0 8 1
1 709 0 228 1 192 3
0 645 1 938 0 432 1
0 103 3 746 1 932 1
1 883 2 247 0 42 3
0 549 3 29 3 55 2
0 599 1 280 1 278 3
1 62 0 729 2 540 3
1 472 1 46 3 55 2
0 449 1 316 3 773 2
0 180 0 386 0 953 3
1 709 0 228 1 192 3
0 645 1 938 0 432 1
0 103 3 746 1 932 1
1 883 2 247 0 42 3
0 549 3 29 3 55 2
0 599 1 280 1 278 3
1 62 0 729 2 540 3
1 472 1 46 3 55 2
0 449 1 316 3 773 2
0 180 0 386 0 953 3
0 142 0 49 3 860 1
1 456 1 626 2 703 2
0 660 1 970 3 230 0
1 567 1 979 1 788 3
1 149 0 581 3 329 3
0 189 0 665 1 325 0
1 28 2 439 0 107 1
1 337 2 830 0 919 1
1 60 1 22 1 517 0
0 846 3 607 0 807 0
1 132 0 901 0 662 0
0 769 2 519 2 276 1
1 195 3 780 3 560 3
0 429 3 373 0 50 0
0 209 0 401 1 929 2
1 591 3 109 1 97 0
1 725 1 182 0 192 3
0 104 2 48 2 229 1
0 279 1 178 0 414 3
1 343 2 738 2 229 3
1 678 3 819 3 156 1
1 701 0 907 1 138 0
1 367 1 205 2 835 3
0 249 3 19 0 197 1
0 778 0 230 0 135 1
1 644 2 238 1 423 2
0 561 2 546 1 535 3
1 722 3 118 3 450 1
1 999 3 498 1 907 0
1 43 1 796 3 235 2
0 658 0 886 0 690 0
1 578 0 132 0 375 2
0 177 0 891 0 691 1
1 598 1 242 1 950 2
0 186 0 64 0 309 3
0 999 3 973 1 327 2
0 54 0 854 3 152 1
1 195 3 416 2 956 2
1 259 0 820 1 473 0
1 782 3 114 1 627 3
1 709 0 228 1 192 3
0 645 1 938 0 432 1
0 103 3 746 1 932 1
1 883 2 247 0 42 3
0 549 3 29 3 55 2
0 599 1 280 1 278 3
1 62 0 729 2 540 3
1 472 1 46 3 55 2
0 449 1 316 3 773 2
0 180 0 386 0 953 3
1 709 0 228 1 192 3
0 645 1 938 0 432 1
0 103 3 746 1 932 1
1 883 2 247 0 42 3
0 549 3 29 3 55 2
0 599 1 280 1 278 3
1 62 0 729 2 540 3
1 472 1 46 3 55 2
0 449 1 316 3 773 2
0 180 0 386 0 953 3
1 709 0 228 1 192 3
0 645 1 938 0 432 1
0 103 3 746 1 932 1
1 883 2 247 0 42 3
0 549 3 29 3 55 2
0 599 1 280 1 278 3
1 62 0 729 2 540 3
1 472 1 46 3 55 2
0 449 1 316 3 773 2
0 180 0 386 0 953 3
1 954 1 941 1 606 3
0 110 0 704 2 379 0
0 688 3 591 3 531 3
0 356 0 441 2 835 3
0 814 3 687 1 892 0
0 850 3 74 1 667 2
1 399 3 423 3 86 2
0 969 2 834 2 778 3
0 613 3 144 0 530 3
1 422 3 31 1 586 1
1 709 0 228 1 192 3
0 645 1 938 0 432 1
0 103 3 746 1 932 1
1 883 2 247 0 42 3
0 549 3 29 3 55 2
0 599 1 280 1 278 3
1 62 0 729 2 540 3
1 472 1 46 3 55 2
0 449 1 316 3 773 2
0 180 0 386 0 953 3
0 606 0 205 1 191 0
0 277 2 534 2 476 0
0 254 3 797 0 882 1
0 412 1 901 3 936 0
0 875 1 46 1 977 3
0 168 3 986 1 929 0
0 758 0 376 0 587 1
0 470 3 584 2 592 1
1 880 1 529 3 511 3
0 840 2 778 1 113 0
1 709 0 228 1 192 3
0 645 1 938 0 432 1
0 103 3 746 1 932 1
1 883 2 247 0 42 3
0 549 3 29 3 55 2
0 599 1 280 1 278 3
1 62 0 729 2 540 3
1 472 1 46 3 55 2
0 449 1 316 3 773 2
0 180 0 386 0 953 3
1 709 0 228 1 192 3
0 645 1 938 0 432 1
0 103 3 746 1 932 1
1 883 2 247 0 42 3
0 549 3 29 3 55 2
0 599 1 280 1 278 3
1 62 0 729 2 540 3
1 472 1 46 3 55 2
0 449 1 316 3 773 2
0 180 0 386 0 953 3
0 395 0 258 1 876 3
1 816 0 102 2 627 2
0 571 0 942 0 293 3
1 804 3 500 1 633 2
0 99 3 516 2 31 3
1 260 2 516 0 274 2
0 254 1 938 1 181 0
1 474 0 541 3 511 1
0 144 3 986 3 66 2
1 98 1 440 2 95 1
0 722 3 204 0 288 2
1 469 3 783 0 135 0
1 998 1 259 2 36 1
0 103 3 531 1 137 0
1 584 1 753 2 616 1
0 905 3 788 2 530 3
0 17 3 653 3 964 0
0 352 1 952 3 665 3
0 154 3 975 2 792 0
1 409 1 31 2 841 3
1 709 0 228 1 192 3
0 645 1 938 0 432 1
0 103 3 746 1 932 1
1 883 2 247 0 42 3
0 549 3 29 3 55 2
0 599 1 280 1 278 3
1 62 0 729 2 540 3
1 472 1 46 3 55 2
0 449 1 316 3 773 2
0 180 0 386 0 953 3
1 709 0 228 1 192 3
0 645 1 938 0 432 1
0 103 3 746 1 932 1
1 883 2 247 0 42 3
0 549 3 29 3 55 2
0 599 1 280 1 278 3
1 62 0 729 2 540 3
1 472 1 46 3 55 2
0 449 1 316 3 773 2
0 180 0 386 0 953 3
1 709 0 228 1 192 3
0 645 1 938 0 432 1
0 103 3 746 1 932 1
1 883 2 247 0 42 3
0 549 3 29 3 55 2
0 599 1 280 1 278 3
1 62 0 729 2 540 3
1 472 1 46 3 55 2
0 449 1 316 3 773 2
0 180 0 386 0 953 3
1 709 0 228 1 192 3
0 645 1 938 0 432 1
0 103 3 746 1 932 1
1 883 2 247 0 42 3
0 549 3 29 3 55 2
0 599 1 280 1 278 3
1 62 0 729 2 540 3
1 472 1 46 3 55 2
0 449 1 316 3 773 2
0 180 0 386 0 953 3
1 709 0 228 1 192 3
0 645 1 938 0 432 1
0 103 3 746 1 932 1
1 883 2 247 0 42 3
0 549 3 29 3 55 2
0 599 1 280 1 278 3
1 62 0 729 2 540 3
1 472 1 46 3 55 2
0 449 1 316 3 773 2
0 180 0 386 0 953 3
1 709 0 228 1 192 3
0 645 1 938 0 432 1
0 103 3 746 1 932 1
1 883 2 247 0 42 3
0 549 3 29 3 55 2
0 599 1 280 1 278 3
1 62 0 729 2 540 3
1 472 1 46 3 55 2
0 449 1 316 3 773 2
0 180 0 386 0 953 3
1 709 0 228 1 192 3
0 645 1 938 0 432 1
0 103 3 746 1 932 1
1 883 2 247 0 42 3
0 549 3 29 3 55 2
0 599 1 280 1 278 3
1 62 0 729 2 540 3
1 472 1 46 3 55 2
0 449 1 316 3 773 2
0 180 0 386 0 953 3
1 709 0 228 1 192 3
0 645 1 938 0 432 1
0 103 3 746 1 932 1
1 883 2 247 0 42 3
0 549 3 29 3 55 2
0 599 1 280 1 278 3
1 62 0 729 2 540 3
1 472 1 46 3 55 2
0 449 1 316 3 773 2
0 180 0 386 0 953 3
0 723 2 767 1 693 0
0 657 1 322 2 898 2
1 915 2 882 1 917 1
0 710 2 557 3 975 0
1 168 0 177 0 854 0
1 548 1 797 1 754 0
1 4 2 441 0 856 3
1 774 0 501 0 118 2
1 446 3 92 2 111 1
0 317 2 195 1 987 1
1 709 0 228 1 192 3
0 645 1 938 0 432 1
0 103 3 746 1 932 1
1 883 2 247 0 42 3
0 549 3 29 3 55 2
0 599 1 280 1 278 3
1 62 0 729 2 540 3
1 472 1 46 3 55 2
0 449 1 316 3 773 2
0 180 0 386 0 953 3
1 709 0 228 1 192 3
0 645 1 938 0 432 1
0 103 3 746 1 932 1
1 883 2 247 0 42 3
0 549 3 29 3 55 2
0 599 1 280 1 278 3
1 62 0 729 2 540 3
1 472 1 46 3 55 2
0 449 1 316 3 773 2
0 180 0 386 0 953 3
1 709 0 228 1 192 3
0 645 1 938 0 432 1
0 103 3 746 1 932 1
1 883 2 247 0 42 3
0 549 3 29 3 55 2
0 599 1 280 1 278 3
1 62 0 729 2 540 3
1 472 1 46 3 55 2
0 449 1 316 3 773 2
0 180 0 386 0 953 3
1 709 0 228 1 192 3
0 645 1 938 0 432 1
0 103 3 746 1 932 1
1 883 2 247 0 42 3
0 549 3 29 3 55 2
0 599 1 280 1 278 3
1 62 0 729 2 540 3
1 472 1 46 3 55 2
0 449 1 316 3 773 2
0 180 0 386 0 953 3
1 709 0 228 1 192 3
0 645 1 938 0 432 1
0 103 3 746 1 932 1
1 883 2 247 0 42 3
0 549 3 29 3 55 2
0 599 1 280 1 278 3
1 62 0 729 2 540 3
1 472 1 46 3 55 2
0 449 1 316 3 773 2
0 180 0 386 0 953 3
1 709 0 228 1 192 3
0 645 1 938 0 432 1
0 103 3 746 1 932 1
1 883 2 247 0 42 3
0 549 3 29 3 55 2
0 599 1 280 1 278 3
1 62 0 729 2 540 3
1 472 1 46 3 55 2
0 449 1 316 3 773 2
0 180 0 386 0 953 3
1 709 0 228 1 192 3
0 645 1 938 0 432 1
0 103 3 746 1 932 1
1 883 2 247 0 42 3
0 549 3 29 3 55 2
0 599 1 280 1 278 3
1 62 0 729 2 540 3
1 472 1 46 3 55 2
0 449 1 316 3 773 2
0 180 0 386 0 953 3
1 709 0 228 1 192 3
0 645 1 938 0 432 1
0 103 3 746 1 932 1
1 883 2 247 0 42 3
0 549 3 29 3 55 2
0 599 1 280 1 278 3
1 62 0 729 2 540 3
1 472 1 46 3 55 2
0 449 1 316 3 773 2
0 180 0 386 0 953 3
1 709 0 228 1 192 3
0 645 1 938 0 432 1
0 103 3 746 1 932 1
1 883 2 247 0 42 3
0 549 3 29 3 55 2
0 599 1 280 1 278 3
1 62 0 729 2 540 3
1 472 1 46 3 55 2
0 449 1 316 3 773 2
0 180 0 386 0 953 3
1 709 0 228 1 192 3
0 645 1 938 0 432 1
0 103 3 746 1 932 1
1 883 2 247 0 42 3
0 549 3 29 3 55 2
0 599 1 280 1 278 3
1 62 0 729 2 540 3
1 472 1 46 3 55 2
0 449 1 316 3 773 2
0 180 0 386 0 953 3
1 709 0 228 1 192 3
0 645 1 938 0 432 1
0 103 3 746 1 932 1
1 883 2 247 0 42 3
0 549 3 29 3 55 2
0 599 1 280 1 278 3
1 62 0 729 2 540 3
1 472 1 46 3 55 2
0 449 1 316 3 773 2
0 180 0 386 0 953 3
1 709 0 228 1 192 3
0 645 1 938 0 432 1
0 103 3 746 1 932 1
1 883 2 247 0 42 3
0 549 3 29 3 55 2
0 599 1 280 1 278 3
1 62 0 729 2 540 3
1 472 1 46 3 55 2
0 449 1 316 3 773 2
0 180 0 386 0 953 3
1 709 0 228 1 192 3
0 645 1 938 0 432 1
0 103 3 746 1 932 1
1 883 2 247 0 42 3
0 549 3 29 3 55 2
0 599 1 280 1 278 3
1 62 0 729 2 540 3
1 472 1 46 3 55 2
0 449 1 316 3 773 2
0 180 0 386 0 953 3
1 709 0 228 1 192 3
0 645 1 938 0 432 1
0 103 3 746 1 932 1
1 883 2 247 0 42 3
0 549 3 29 3 55 2
0 599 1 280 1 278 3
1 62 0 729 2 540 3
1 472 1 46 3 55 2
0 449 1 316 3 773 2
0 180 0 386 0 953 3
1 709 0 228 1 192 3
0 645 1 938 0 432 1
0 103 3 746 1 932 1
1 883 2 247 0 42 3
0 549 3 29 3 55 2
0 599 1 280 1 278 3
1 62 0 729 2 540 3
1 472 1 46 3 55 2
0 449 1 316 3 773 2
0 180 0 386 0 953 3
1 709 0 228 1 192 3
0 645 1 938 0 432 1
0 103 3 746 1 932 1
1 883 2 247 0 42 3
0 549 3 29 3 55 2
0 599 1 280 1 278 3
1 62 0 729 2 540 3
1 472 1 46 3 55 2
0 449 1 316 3 773 2
0 180 0 386 0 953 3
1 709 0 228 1 192 3
0 645 1 938 0 432 1
0 103 3 746 1 932 1
1 883 2 247 0 42 3
0 549 3 29 3 55 2
0 599 1 280 1 278 3
1 62 0 729 2 540 3
1 472 1 46 3 55 2
0 449 1 316 3 773 2
0 180 0 386 0 953 3
1 741 1 46 1 915 3
1 772 2 359 2 695 0
0 165 3 393 3 974 1
0 437 2 436 2 728 0
0 67 1 99 0 794 1
0 61 1 923 1 203 2
1 250 3 521 0 470 2
1 796 3 309 1 914 2
1 642 2 663 2 59 2
0 205 0 128 2 653 0
1 709 0 228 1 192 3
0 645 1 938 0 432 1
0 103 3 746 1 932 1
1 883 2 247 0 42 3
0 549 3 29 3 55 2
0 599 1 280 1 278 3
1 62 0 729 2 540 3
1 472 1 46 3 55 2
0 449 1 316 3 773 2
0 180 0 386 0 953 3
1 709 0 228 1 192 3
0 645 1 938 0 432 1
0 103 3 746 1 932 1
1 883 2 247 0 42 3
0 549 3 29 3 55 2
0 599 1 280 1 278 3
1 62 0 729 2 540 3
1 472 1 46 3 55 2
0 449 1 316 3 773 2
0 180 0 386 0 953 3
1 709 0 228 1 192 3
0 645 1 938 0 432 1
0 103 3 746 1 932 1
1 883 2 247 0 42 3
0 549 3 29 3 55 2
0 599 1 280 1 278 3
1 62 0 729 2 540 3
1 472 1 46 3 55 2
0 449 1 316 3 773 2
0 180 0 386 0 953 3
1 709 0 228 1 192 3
0 645 1 938 0 432 1
0 103 3 746 1 932 1
1 883 2 247 0 42 3
0 549 3 29 3 55 2
0 599 1 280 1 278 3
1 62 0 729 2 540 3
1 472 1 46 3 55 2
0 449 1 316 3 773 2
0 180 0 386 0 953 3
0 856 2 887 3 533 1
1 355 3 958 3 427 0
0 341 2 428 3 448 3
1 507 2 620 0 522 0
0 527 0 782 3 839 2
0 724 3 421 0 402 0
1 181 0 672 2 366 0
0 166 3 607 1 101 3
1 975 0 67 2 128 2
0 319 0 432 0 599 2
1 709 0 228 1 192 3
0 645 1 938 0 432 1
0 103 3 746 1 932 1
1 883 2 247 0 42 3
0 549 3 29 3 55 2
0 599 1 280 1 278 3
1 62 0 729 2 540 3
1 472 1 46 3 55 2
0 449 1 316 3 773 2
-1 180 0 386 0 953 3
